0.9,0.9,0.8,0.5,0.2,0.8,0.7,26.279999999999998,12.55,11.65,0.93
0.9,0.9,0.7,0.5,0.2,0.8,0.7,27.72,13.23,11.6,0.88
0.9,0.9,0.9,0.5,0.2,0.8,0.7,24.48,12.34,11.78,0.94
0.9,0.9,0.8,0.6,0.2,0.8,0.7,27.72,13.63,11.7,0.87
0.9,0.9,0.8,0.4,0.2,0.8,0.7,24.48,12.07,11.78,0.96
1.0,0.9,0.8,0.5,0.2,0.8,0.7,24.48,12.05,11.03,0.91
0.8,0.9,0.8,0.5,0.2,0.8,0.7,27.0,13.04,11.92,0.91
0.9,1.0,0.8,0.5,0.2,0.8,0.7,26.64,12.61,11.64,0.91
0.9,0.8,0.8,0.5,0.2,0.8,0.7,24.48,11.89,10.94,0.92
0.9,0.9,0.8,0.5,0.3,0.8,0.7,24.119999999999997,11.66,10.76,0.91
0.9,0.9,0.8,0.5,0.1,0.8,0.7,30.24,15.07,13.34,0.9
0.9,0.9,0.8,0.5,0.2,0.7,0.7,24.48,12.44,11.34,0.91
0.9,0.9,0.8,0.5,0.2,0.9,0.7,25.919999999999998,12.86,11.69,0.91
0.9,0.9,0.8,0.5,0.2,0.8,0.6,27.0,13.78,12.46,0.91
0.9,0.9,0.7,0.5,0.3,0.8,0.7,25.56,11.93,10.63,0.89
0.9,0.9,0.9,0.5,0.3,0.8,0.7,23.04,11.7,10.89,0.92
0.9,0.9,0.8,0.6,0.3,0.8,0.7,25.919999999999998,13.12,11.08,0.86
0.9,0.9,0.8,0.4,0.3,0.8,0.7,21.96,11.07,10.84,0.95
1.0,0.9,0.8,0.5,0.3,0.8,0.7,23.759999999999998,11.64,10.82,0.93
0.8,0.9,0.8,0.5,0.3,0.8,0.7,24.119999999999997,12.29,11.24,0.91
0.9,1.0,0.8,0.5,0.3,0.8,0.7,24.119999999999997,11.92,11.0,0.92
0.9,0.8,0.8,0.5,0.3,0.8,0.7,23.759999999999998,11.96,11.09,0.92
0.9,0.9,0.8,0.5,0.4,0.8,0.7,23.759999999999998,11.64,10.74,0.91
0.9,0.9,0.8,0.5,0.3,0.7,0.7,23.4,11.63,10.67,0.91
0.9,0.9,0.8,0.5,0.3,0.9,0.7,24.119999999999997,11.68,10.98,0.93
0.9,0.9,0.8,0.5,0.3,0.8,0.6,26.279999999999998,12.6,11.82,0.92
0.9,0.9,0.7,0.4,0.3,0.8,0.7,24.48,11.85,11.2,0.95
0.9,0.9,0.9,0.4,0.3,0.8,0.7,22.32,10.88,11.2,1.01
0.9,0.9,0.8,0.3,0.3,0.8,0.7,21.96,10.58,11.08,1.02
1.0,0.9,0.8,0.4,0.3,0.8,0.7,22.68,11.3,11.03,0.95
0.8,0.9,0.8,0.4,0.3,0.8,0.7,22.32,11.3,10.87,0.94
0.9,1.0,0.8,0.4,0.3,0.8,0.7,22.68,11.32,10.87,0.94
0.9,0.8,0.8,0.4,0.3,0.8,0.7,22.32,11.13,10.91,0.96
0.9,0.9,0.8,0.4,0.4,0.8,0.7,21.96,11.07,10.7,0.94
0.9,0.9,0.8,0.4,0.3,0.7,0.7,23.4,11.5,10.99,0.94
0.9,0.9,0.8,0.4,0.3,0.9,0.7,23.4,11.5,11.09,0.94
0.9,0.9,0.8,0.4,0.3,0.8,0.6,24.48,12.55,12.18,0.95
0.9,0.9,0.7,0.3,0.3,0.8,0.7,22.32,10.56,10.88,1.0
0.9,0.9,0.9,0.3,0.3,0.8,0.7,21.599999999999998,10.21,11.07,1.06
0.9,0.9,0.8,0.2,0.3,0.8,0.7,20.88,9.64,11.06,1.12
1.0,0.9,0.8,0.3,0.3,0.8,0.7,21.96,10.49,10.92,1.02
0.8,0.9,0.8,0.3,0.3,0.8,0.7,21.96,10.23,10.92,1.04
0.9,1.0,0.8,0.3,0.3,0.8,0.7,21.96,10.58,11.08,1.02
0.9,0.8,0.8,0.3,0.3,0.8,0.7,21.24,10.29,10.86,1.03
0.9,0.9,0.8,0.3,0.2,0.8,0.7,23.759999999999998,11.1,11.59,1.03
0.9,0.9,0.8,0.3,0.4,0.8,0.7,21.24,10.27,10.8,1.02
0.9,0.9,0.8,0.3,0.3,0.7,0.7,21.599999999999998,10.37,10.88,1.02
0.9,0.9,0.8,0.3,0.3,0.9,0.7,21.599999999999998,10.52,11.12,1.03
0.9,0.9,0.8,0.3,0.3,0.8,0.6,23.4,11.46,12.16,1.05
0.9,0.9,0.7,0.2,0.3,0.8,0.7,20.52,9.85,11.07,1.1
0.9,0.9,0.9,0.2,0.3,0.8,0.7,20.16,9.35,10.98,1.14
0.9,0.9,0.8,0.1,0.3,0.8,0.7,19.439999999999998,8.79,10.94,1.2
1.0,0.9,0.8,0.2,0.3,0.8,0.7,20.52,9.68,11.15,1.12
0.8,0.9,0.8,0.2,0.3,0.8,0.7,20.16,9.55,11.07,1.12
0.9,1.0,0.8,0.2,0.3,0.8,0.7,20.88,9.45,10.87,1.12
0.9,0.8,0.8,0.2,0.3,0.8,0.7,20.52,9.68,11.15,1.12
0.9,0.9,0.8,0.2,0.2,0.8,0.7,21.24,10.09,11.64,1.13
0.9,0.9,0.8,0.2,0.4,0.8,0.7,19.439999999999998,9.07,10.58,1.13
0.9,0.9,0.8,0.2,0.3,0.7,0.7,19.8,9.08,10.56,1.12
0.9,0.9,0.8,0.2,0.3,0.9,0.7,21.24,9.94,11.31,1.11
0.9,0.9,0.8,0.2,0.3,0.8,0.6,21.96,10.41,11.89,1.12
0.9,0.9,0.7,0.1,0.3,0.8,0.7,19.8,8.68,10.75,1.2
0.9,0.9,0.9,0.1,0.3,0.8,0.7,20.52,9.02,11.29,1.21
1.0,0.9,0.8,0.1,0.3,0.8,0.7,20.52,8.73,10.94,1.21
0.8,0.9,0.8,0.1,0.3,0.8,0.7,19.8,8.58,10.71,1.2
0.9,1.0,0.8,0.1,0.3,0.8,0.7,20.16,8.64,10.85,1.21
0.9,0.8,0.8,0.1,0.3,0.8,0.7,19.439999999999998,8.62,10.78,1.21
0.9,0.9,0.8,0.1,0.2,0.8,0.7,20.88,9.66,11.86,1.2
0.9,0.9,0.8,0.1,0.4,0.8,0.7,19.439999999999998,8.53,10.59,1.2
0.9,0.9,0.8,0.1,0.3,0.7,0.7,19.8,8.56,10.7,1.21
0.9,0.9,0.8,0.1,0.3,0.9,0.7,19.439999999999998,8.43,10.54,1.2
0.9,0.9,0.8,0.1,0.3,0.8,0.6,19.8,9.38,11.62,1.2
0.9,0.9,0.7,0.1,0.4,0.8,0.7,19.08,8.59,10.64,1.2
0.9,0.9,0.9,0.1,0.4,0.8,0.7,19.08,8.72,10.84,1.2
1.0,0.9,0.8,0.1,0.4,0.8,0.7,19.08,8.58,10.69,1.2
0.8,0.9,0.8,0.1,0.4,0.8,0.7,18.72,8.53,10.63,1.21
0.9,1.0,0.8,0.1,0.4,0.8,0.7,19.08,8.61,10.7,1.2
0.9,0.8,0.8,0.1,0.4,0.8,0.7,19.08,8.58,10.69,1.2
0.9,0.9,0.8,0.1,0.5,0.8,0.7,19.439999999999998,8.43,10.49,1.2
0.9,0.9,0.8,0.1,0.4,0.7,0.7,19.08,8.68,10.73,1.2
0.9,0.9,0.8,0.1,0.4,0.9,0.7,19.08,8.49,10.62,1.21
0.9,0.9,0.8,0.1,0.4,0.8,0.6,19.8,8.83,11.05,1.21
0.8,0.9,0.7,0.1,0.4,0.8,0.7,18.72,8.45,10.51,1.19
0.8,0.9,0.9,0.1,0.4,0.8,0.7,18.72,8.78,10.88,1.2
0.8,0.9,0.8,0.2,0.4,0.8,0.7,20.52,9.24,10.71,1.12
0.7,0.9,0.8,0.1,0.4,0.8,0.7,20.16,8.54,10.67,1.21
0.8,1.0,0.8,0.1,0.4,0.8,0.7,20.16,8.54,10.67,1.21
0.8,0.8,0.8,0.1,0.4,0.8,0.7,19.439999999999998,8.53,10.59,1.2
0.8,0.9,0.8,0.1,0.5,0.8,0.7,18.36,8.47,10.48,1.2
0.8,0.9,0.8,0.1,0.4,0.7,0.7,18.36,8.5,10.58,1.2
0.8,0.9,0.8,0.1,0.4,0.9,0.7,20.16,8.82,10.95,1.21
0.8,0.9,0.8,0.1,0.4,0.8,0.6,19.8,8.99,11.2,1.2
0.8,0.9,0.7,0.1,0.5,0.8,0.7,19.439999999999998,8.49,10.42,1.19
0.8,0.9,0.9,0.1,0.5,0.8,0.7,19.08,8.63,10.76,1.21
0.8,0.9,0.8,0.2,0.5,0.8,0.7,19.08,8.81,10.22,1.12
0.7,0.9,0.8,0.1,0.5,0.8,0.7,18.72,8.38,10.43,1.2
0.8,1.0,0.8,0.1,0.5,0.8,0.7,18.72,8.38,10.43,1.2
0.8,0.8,0.8,0.1,0.5,0.8,0.7,19.439999999999998,8.43,10.49,1.2
0.8,0.9,0.8,0.1,0.6,0.8,0.7,18.36,8.33,10.35,1.19
0.8,0.9,0.8,0.1,0.5,0.7,0.7,18.36,8.33,10.35,1.19
0.8,0.9,0.8,0.1,0.5,0.9,0.7,19.08,8.59,10.74,1.2
0.8,0.9,0.8,0.1,0.5,0.8,0.6,20.16,8.65,10.86,1.21
0.8,0.9,0.7,0.1,0.5,0.7,0.7,18.72,8.37,10.31,1.19
0.8,0.9,0.9,0.1,0.5,0.7,0.7,18.72,8.47,10.61,1.2
0.8,0.9,0.8,0.2,0.5,0.7,0.7,19.08,8.71,10.22,1.13
0.7,0.9,0.8,0.1,0.5,0.7,0.7,19.08,8.41,10.42,1.19
0.9,0.9,0.8,0.1,0.5,0.7,0.7,18.36,8.35,10.34,1.19
0.8,1.0,0.8,0.1,0.5,0.7,0.7,19.08,8.41,10.42,1.19
0.8,0.8,0.8,0.1,0.5,0.7,0.7,19.08,8.4,10.39,1.19
0.8,0.9,0.8,0.1,0.6,0.7,0.7,18.0,8.18,10.13,1.2
0.8,0.9,0.8,0.1,0.5,0.6,0.7,18.36,8.33,10.28,1.19
0.8,0.9,0.8,0.1,0.5,0.7,0.6,19.8,8.78,11.05,1.21
0.8,0.9,0.7,0.1,0.6,0.7,0.7,19.08,8.86,10.74,1.18
0.8,0.9,0.9,0.1,0.6,0.7,0.7,18.36,8.52,10.55,1.2
0.8,0.9,0.8,0.2,0.6,0.7,0.7,19.439999999999998,9.18,10.47,1.11
0.7,0.9,0.8,0.1,0.6,0.7,0.7,18.72,8.38,10.4,1.19
0.9,0.9,0.8,0.1,0.6,0.7,0.7,18.0,8.18,10.13,1.2
0.8,1.0,0.8,0.1,0.6,0.7,0.7,18.72,8.38,10.4,1.19
0.8,0.8,0.8,0.1,0.6,0.7,0.7,18.0,8.18,10.13,1.2
0.8,0.9,0.8,0.1,0.7,0.7,0.7,18.72,8.39,10.33,1.19
0.8,0.9,0.8,0.1,0.6,0.6,0.7,18.72,8.39,10.33,1.19
0.8,0.9,0.8,0.1,0.6,0.7,0.6,19.8,8.72,10.89,1.2
0.8,0.9,1.0,0.1,0.6,0.7,0.7,18.36,8.21,10.43,1.22
0.8,0.9,0.9,0.2,0.6,0.7,0.7,18.36,8.7,10.22,1.13
0.7,0.9,0.9,0.1,0.6,0.7,0.7,18.36,8.4,10.47,1.2
0.9,0.9,0.9,0.1,0.6,0.7,0.7,18.36,8.52,10.55,1.2
0.8,1.0,0.9,0.1,0.6,0.7,0.7,18.36,8.4,10.47,1.2
0.8,0.8,0.9,0.1,0.6,0.7,0.7,18.36,8.52,10.55,1.2
0.8,0.9,0.9,0.1,0.7,0.7,0.7,18.0,8.4,10.47,1.2
0.8,0.9,0.9,0.1,0.6,0.6,0.7,18.0,8.4,10.47,1.2
0.8,0.9,0.9,0.1,0.6,0.8,0.7,18.72,8.47,10.61,1.2
0.8,0.9,0.9,0.1,0.6,0.7,0.6,20.16,9.02,11.17,1.2
0.8,0.8,1.0,0.1,0.6,0.7,0.7,18.36,8.21,10.43,1.22
0.8,0.8,0.9,0.2,0.6,0.7,0.7,18.36,8.7,10.22,1.13
0.7,0.8,0.9,0.1,0.6,0.7,0.7,18.36,8.52,10.55,1.2
0.9,0.8,0.9,0.1,0.6,0.7,0.7,18.36,8.45,10.52,1.2
0.8,0.7,0.9,0.1,0.6,0.7,0.7,18.36,8.45,10.52,1.2
0.8,0.8,0.9,0.1,0.5,0.7,0.7,18.72,8.57,10.62,1.2
0.8,0.8,0.9,0.1,0.7,0.7,0.7,18.72,8.4,10.43,1.2
0.8,0.8,0.9,0.1,0.6,0.6,0.7,18.0,8.4,10.47,1.2
0.8,0.8,0.9,0.1,0.6,0.8,0.7,18.72,8.57,10.62,1.2
0.8,0.8,0.9,0.1,0.6,0.7,0.6,19.8,9.0,11.16,1.2
0.9,0.8,1.0,0.1,0.6,0.7,0.7,17.64,8.18,10.41,1.23
0.9,0.8,0.8,0.1,0.6,0.7,0.7,18.0,8.18,10.13,1.2
0.9,0.8,0.9,0.2,0.6,0.7,0.7,18.36,8.7,10.22,1.13
1.0,0.8,0.9,0.1,0.6,0.7,0.7,18.36,8.31,10.39,1.21
0.9,0.7,0.9,0.1,0.6,0.7,0.7,18.36,8.31,10.39,1.21
0.9,0.8,0.9,0.1,0.5,0.7,0.7,18.72,8.56,10.63,1.2
0.9,0.8,0.9,0.1,0.7,0.7,0.7,18.72,8.4,10.43,1.2
0.9,0.8,0.9,0.1,0.6,0.6,0.7,18.72,8.4,10.43,1.2
0.9,0.8,0.9,0.1,0.6,0.8,0.7,18.36,8.35,10.44,1.21
0.9,0.8,0.9,0.1,0.6,0.7,0.6,20.16,8.77,10.97,1.2
0.9,0.8,1.0,0.2,0.6,0.7,0.7,18.72,8.74,10.35,1.14
1.0,0.8,1.0,0.1,0.6,0.7,0.7,18.0,8.32,10.53,1.22
0.9,0.7,1.0,0.1,0.6,0.7,0.7,18.0,8.32,10.53,1.22
0.9,0.9,1.0,0.1,0.6,0.7,0.7,18.36,8.21,10.43,1.22
0.9,0.8,1.0,0.1,0.5,0.7,0.7,19.8,8.75,10.95,1.22
0.9,0.8,1.0,0.1,0.7,0.7,0.7,18.36,8.25,10.5,1.23
0.9,0.8,1.0,0.1,0.6,0.6,0.7,18.36,8.25,10.5,1.23
0.9,0.8,1.0,0.1,0.6,0.8,0.7,19.08,8.23,10.44,1.22
0.9,0.8,1.0,0.1,0.6,0.7,0.6,18.72,8.59,10.91,1.23
0.9,0.7,1.0,0.2,0.6,0.7,0.7,18.72,8.77,10.45,1.14
1.0,0.7,1.0,0.1,0.6,0.7,0.7,18.72,8.36,10.6,1.22
0.8,0.7,1.0,0.1,0.6,0.7,0.7,18.36,8.25,10.48,1.23
0.9,0.6,1.0,0.1,0.6,0.7,0.7,18.36,8.35,10.56,1.22
0.9,0.7,1.0,0.1,0.5,0.7,0.7,18.72,8.51,10.74,1.22
0.9,0.7,1.0,0.1,0.7,0.7,0.7,18.36,8.47,10.68,1.22
0.9,0.7,1.0,0.1,0.6,0.6,0.7,18.0,8.42,10.65,1.23
0.9,0.7,1.0,0.1,0.6,0.8,0.7,18.72,8.42,10.67,1.22
0.9,0.7,1.0,0.1,0.6,0.7,0.6,19.439999999999998,8.77,11.15,1.24
0.9,0.7,0.9,0.1,0.7,0.7,0.7,19.439999999999998,8.48,10.54,1.2
0.9,0.7,1.0,0.2,0.7,0.7,0.7,19.08,9.04,10.6,1.13
1.0,0.7,1.0,0.1,0.7,0.7,0.7,18.0,8.47,10.71,1.22
0.8,0.7,1.0,0.1,0.7,0.7,0.7,18.0,8.42,10.65,1.23
0.9,0.6,1.0,0.1,0.7,0.7,0.7,18.36,8.44,10.64,1.22
0.9,0.7,1.0,0.1,0.8,0.7,0.7,18.72,8.47,10.69,1.22
0.9,0.7,1.0,0.1,0.7,0.6,0.7,18.0,8.42,10.65,1.23
0.9,0.7,1.0,0.1,0.7,0.8,0.7,18.36,8.41,10.62,1.22
0.9,0.7,1.0,0.1,0.7,0.7,0.6,18.72,8.68,11.02,1.23
0.9,0.6,0.9,0.1,0.7,0.7,0.7,18.0,8.31,10.35,1.2
0.9,0.6,1.0,0.2,0.7,0.7,0.7,19.08,8.94,10.48,1.13
1.0,0.6,1.0,0.1,0.7,0.7,0.7,18.36,8.44,10.64,1.22
0.8,0.6,1.0,0.1,0.7,0.7,0.7,18.36,8.47,10.68,1.22
0.9,0.5,1.0,0.1,0.7,0.7,0.7,18.36,8.44,10.64,1.22
0.9,0.6,1.0,0.1,0.8,0.7,0.7,18.36,8.44,10.64,1.22
0.9,0.6,1.0,0.1,0.7,0.6,0.7,18.0,8.47,10.71,1.22
0.9,0.6,1.0,0.1,0.7,0.8,0.7,18.36,8.38,10.6,1.22
0.9,0.6,1.0,0.1,0.7,0.7,0.6,18.72,8.66,10.97,1.23
0.9,0.6,0.9,0.1,0.8,0.7,0.7,18.36,8.31,10.43,1.2
0.9,0.6,1.0,0.2,0.8,0.7,0.7,19.08,8.94,10.48,1.13
1.0,0.6,1.0,0.1,0.8,0.7,0.7,18.36,8.44,10.64,1.22
0.8,0.6,1.0,0.1,0.8,0.7,0.7,18.36,8.44,10.64,1.22
0.9,0.5,1.0,0.1,0.8,0.7,0.7,18.36,8.44,10.64,1.22
0.9,0.6,1.0,0.1,0.9,0.7,0.7,19.08,8.29,10.46,1.22
0.9,0.6,1.0,0.1,0.8,0.6,0.7,18.72,8.42,10.58,1.22
0.9,0.6,1.0,0.1,0.8,0.8,0.7,18.72,8.24,10.49,1.23
0.9,0.6,1.0,0.1,0.8,0.7,0.6,18.72,8.65,11.01,1.24
0.9,0.6,0.9,0.1,0.8,0.8,0.7,19.08,8.43,10.45,1.2
0.9,0.6,1.0,0.2,0.8,0.8,0.7,19.439999999999998,8.78,10.35,1.14
1.0,0.6,1.0,0.1,0.8,0.8,0.7,19.439999999999998,8.39,10.64,1.23
0.8,0.6,1.0,0.1,0.8,0.8,0.7,18.72,8.24,10.49,1.23
0.9,0.5,1.0,0.1,0.8,0.8,0.7,18.36,8.36,10.6,1.23
0.9,0.7,1.0,0.1,0.8,0.8,0.7,18.72,8.24,10.49,1.23
0.9,0.6,1.0,0.1,0.9,0.8,0.7,18.36,8.47,10.68,1.22
0.9,0.6,1.0,0.1,0.8,0.9,0.7,18.36,8.38,10.6,1.22
0.9,0.6,1.0,0.1,0.8,0.8,0.6,19.439999999999998,8.71,11.01,1.23
0.9,0.7,0.9,0.1,0.8,0.8,0.7,19.08,8.43,10.45,1.2
0.9,0.7,1.0,0.2,0.8,0.8,0.7,19.439999999999998,8.78,10.35,1.14
1.0,0.7,1.0,0.1,0.8,0.8,0.7,18.72,8.24,10.49,1.23
0.8,0.7,1.0,0.1,0.8,0.8,0.7,18.36,8.25,10.48,1.23
0.9,0.8,1.0,0.1,0.8,0.8,0.7,18.36,8.25,10.48,1.23
0.9,0.7,1.0,0.1,0.9,0.8,0.7,18.36,8.47,10.68,1.22
0.9,0.7,1.0,0.1,0.8,0.9,0.7,18.36,8.41,10.62,1.22
0.9,0.7,1.0,0.1,0.8,0.8,0.6,19.439999999999998,8.61,10.93,1.23
1.0,0.7,0.9,0.1,0.8,0.8,0.7,19.08,8.43,10.45,1.2
1.0,0.7,1.0,0.2,0.8,0.8,0.7,19.439999999999998,8.78,10.35,1.14
1.0,0.8,1.0,0.1,0.8,0.8,0.7,18.72,8.24,10.49,1.23
1.0,0.7,1.0,0.1,0.7,0.8,0.7,18.36,8.38,10.6,1.22
1.0,0.7,1.0,0.1,0.9,0.8,0.7,18.36,8.47,10.68,1.22
1.0,0.7,1.0,0.1,0.8,0.7,0.7,18.36,8.44,10.64,1.22
1.0,0.7,1.0,0.1,0.8,0.9,0.7,18.36,8.38,10.6,1.22
1.0,0.7,1.0,0.1,0.8,0.8,0.6,19.8,8.64,11.02,1.23
1.0,0.8,0.9,0.1,0.8,0.8,0.7,19.08,8.43,10.45,1.2
1.0,0.8,1.0,0.2,0.8,0.8,0.7,19.439999999999998,8.78,10.35,1.14
1.0,0.9,1.0,0.1,0.8,0.8,0.7,18.36,8.25,10.48,1.23
1.0,0.8,1.0,0.1,0.7,0.8,0.7,18.36,8.41,10.64,1.22
1.0,0.8,1.0,0.1,0.9,0.8,0.7,18.36,8.47,10.68,1.22
1.0,0.8,1.0,0.1,0.8,0.7,0.7,18.72,8.47,10.69,1.22
1.0,0.8,1.0,0.1,0.8,0.9,0.7,18.36,8.41,10.62,1.22
1.0,0.8,1.0,0.1,0.8,0.8,0.6,19.439999999999998,8.61,10.93,1.23
1.0,0.8,0.9,0.1,0.8,0.9,0.7,18.36,8.39,10.42,1.2
1.0,0.8,1.0,0.2,0.8,0.9,0.7,18.72,8.79,10.33,1.13
0.9,0.8,1.0,0.1,0.8,0.9,0.7,18.36,8.41,10.64,1.22
1.0,0.9,1.0,0.1,0.8,0.9,0.7,18.36,8.41,10.64,1.22
1.0,0.8,1.0,0.1,0.7,0.9,0.7,19.08,8.19,10.39,1.23
1.0,0.8,1.0,0.1,0.9,0.9,0.7,18.72,8.24,10.49,1.23
1.0,0.8,1.0,0.1,0.8,1.0,0.7,19.08,8.2,10.43,1.22
1.0,0.8,1.0,0.1,0.8,0.9,0.6,18.72,8.56,10.88,1.24
1.0,0.8,0.9,0.1,0.9,0.9,0.7,19.08,8.43,10.45,1.2
1.0,0.8,1.0,0.2,0.9,0.9,0.7,19.439999999999998,8.78,10.35,1.14
0.9,0.8,1.0,0.1,0.9,0.9,0.7,18.72,8.19,10.43,1.23
1.0,0.7,1.0,0.1,0.9,0.9,0.7,18.36,8.56,10.69,1.22
1.0,0.9,1.0,0.1,0.9,0.9,0.7,18.72,8.19,10.43,1.23
1.0,0.8,1.0,0.1,1.0,0.9,0.7,18.36,8.47,10.68,1.22
1.0,0.8,1.0,0.1,0.9,1.0,0.7,18.36,8.41,10.62,1.22
1.0,0.8,1.0,0.1,0.9,0.9,0.6,19.439999999999998,8.59,10.95,1.23
1.0,0.8,0.9,0.1,0.9,1.0,0.7,18.36,8.39,10.42,1.2
1.0,0.8,1.0,0.2,0.9,1.0,0.7,18.72,8.79,10.33,1.13
0.9,0.8,1.0,0.1,0.9,1.0,0.7,18.36,8.41,10.62,1.22
1.0,0.7,1.0,0.1,0.9,1.0,0.7,18.36,8.38,10.6,1.22
1.0,0.9,1.0,0.1,0.9,1.0,0.7,18.36,8.41,10.62,1.22
1.0,0.8,1.0,0.1,1.0,1.0,0.7,18.72,8.24,10.49,1.23
1.0,0.8,1.0,0.1,0.9,1.0,0.6,18.72,8.56,10.88,1.24
1.0,0.8,0.9,0.1,1.0,1.0,0.7,19.08,8.43,10.45,1.2
1.0,0.8,1.0,0.2,1.0,1.0,0.7,19.439999999999998,8.78,10.35,1.14
0.9,0.8,1.0,0.1,1.0,1.0,0.7,18.36,8.23,10.47,1.23
1.0,0.7,1.0,0.1,1.0,1.0,0.7,18.72,8.59,10.72,1.22
1.0,0.9,1.0,0.1,1.0,1.0,0.7,18.72,8.24,10.49,1.23
1.0,0.8,1.0,0.1,1.0,1.0,0.6,18.72,8.63,10.99,1.24
1.0,0.9,0.9,0.1,1.0,1.0,0.7,19.08,8.43,10.45,1.2
1.0,0.9,1.0,0.2,1.0,1.0,0.7,19.439999999999998,8.78,10.35,1.14
0.9,0.9,1.0,0.1,1.0,1.0,0.7,18.36,8.23,10.47,1.23
1.0,1.0,1.0,0.1,1.0,1.0,0.7,18.36,8.23,10.47,1.23
1.0,0.9,1.0,0.1,1.0,0.9,0.7,18.36,8.47,10.68,1.22
1.0,0.9,1.0,0.1,1.0,1.0,0.6,18.36,8.63,10.99,1.23
1.0,1.0,0.9,0.1,1.0,1.0,0.7,18.0,8.33,10.29,1.2
1.0,1.0,1.0,0.2,1.0,1.0,0.7,18.72,8.76,10.31,1.14
0.9,1.0,1.0,0.1,1.0,1.0,0.7,18.36,8.3,10.46,1.22
1.0,1.0,1.0,0.1,0.9,1.0,0.7,18.36,8.09,10.29,1.22
1.0,1.0,1.0,0.1,1.0,0.9,0.7,18.0,8.42,10.65,1.23
1.0,1.0,1.0,0.1,1.0,1.0,0.6,18.36,8.52,10.83,1.23
1.0,1.0,0.8,0.1,1.0,1.0,0.7,18.36,8.29,10.3,1.2
1.0,1.0,0.9,0.2,1.0,1.0,0.7,19.08,8.72,10.23,1.13
0.9,1.0,0.9,0.1,1.0,1.0,0.7,18.0,8.34,10.38,1.2
1.0,1.0,0.9,0.1,0.9,1.0,0.7,19.439999999999998,8.59,10.61,1.2
1.0,1.0,0.9,0.1,1.0,0.9,0.7,18.72,8.4,10.43,1.2
1.0,1.0,0.9,0.1,1.0,1.0,0.6,19.08,8.66,10.86,1.21
1.0,1.0,0.7,0.1,1.0,1.0,0.7,18.36,8.44,10.38,1.19
1.0,1.0,0.8,0.2,1.0,1.0,0.7,19.08,9.07,10.37,1.11
0.9,1.0,0.8,0.1,1.0,1.0,0.7,18.0,8.17,10.13,1.2
1.0,0.9,0.8,0.1,1.0,1.0,0.7,18.72,8.42,10.47,1.2
1.0,1.0,0.8,0.1,0.9,1.0,0.7,18.36,8.32,10.37,1.2
1.0,1.0,0.8,0.1,1.0,0.9,0.7,18.72,8.39,10.33,1.19
1.0,1.0,0.8,0.1,1.0,1.0,0.6,19.08,8.68,10.7,1.2
0.9,1.0,0.7,0.1,1.0,1.0,0.7,19.08,8.58,10.53,1.18
0.9,1.0,0.8,0.2,1.0,1.0,0.7,19.439999999999998,9.08,10.45,1.12
0.8,1.0,0.8,0.1,1.0,1.0,0.7,18.0,8.17,10.13,1.2
0.9,0.9,0.8,0.1,1.0,1.0,0.7,18.36,8.29,10.3,1.2
0.9,1.0,0.8,0.1,0.9,1.0,0.7,18.72,8.39,10.41,1.19
0.9,1.0,0.8,0.1,1.0,0.9,0.7,18.72,8.39,10.32,1.19
0.9,1.0,0.8,0.1,1.0,1.0,0.6,19.439999999999998,8.64,10.77,1.2
0.8,1.0,0.7,0.1,1.0,1.0,0.7,19.08,8.58,10.53,1.18
0.8,1.0,0.9,0.1,1.0,1.0,0.7,18.0,8.34,10.38,1.2
0.8,1.0,0.8,0.2,1.0,1.0,0.7,19.439999999999998,9.08,10.45,1.12
0.7,1.0,0.8,0.1,1.0,1.0,0.7,18.72,8.39,10.41,1.19
0.8,0.9,0.8,0.1,1.0,1.0,0.7,18.36,8.33,10.3,1.19
0.8,1.0,0.8,0.1,0.9,1.0,0.7,18.72,8.39,10.41,1.19
0.8,1.0,0.8,0.1,1.0,0.9,0.7,18.72,8.39,10.32,1.19
0.8,1.0,0.8,0.1,1.0,1.0,0.6,19.8,8.66,10.79,1.2
0.8,1.0,0.7,0.1,1.0,0.9,0.7,18.36,8.64,10.53,1.18
0.8,1.0,0.9,0.1,1.0,0.9,0.7,18.0,8.22,10.26,1.2
0.8,1.0,0.8,0.2,1.0,0.9,0.7,19.08,9.12,10.4,1.11
0.7,1.0,0.8,0.1,1.0,0.9,0.7,19.439999999999998,8.4,10.33,1.19
0.8,0.9,0.8,0.1,1.0,0.9,0.7,18.72,8.39,10.32,1.19
0.8,1.0,0.8,0.1,0.9,0.9,0.7,18.72,8.19,10.15,1.2
0.8,1.0,0.8,0.1,1.0,0.8,0.7,19.439999999999998,8.4,10.33,1.19
0.8,1.0,0.8,0.1,1.0,0.9,0.6,19.439999999999998,8.68,10.81,1.2
0.8,0.9,0.7,0.1,1.0,0.9,0.7,18.72,8.72,10.62,1.18
0.8,0.9,0.9,0.1,1.0,0.9,0.7,18.0,8.22,10.26,1.2
0.8,0.9,0.8,0.2,1.0,0.9,0.7,19.08,9.12,10.4,1.11
0.7,0.9,0.8,0.1,1.0,0.9,0.7,18.72,8.39,10.32,1.19
0.9,0.9,0.8,0.1,1.0,0.9,0.7,18.72,8.39,10.33,1.19
0.8,0.8,0.8,0.1,1.0,0.9,0.7,18.0,8.2,10.28,1.21
0.8,0.9,0.8,0.1,0.9,0.9,0.7,18.0,8.18,10.13,1.2
0.8,0.9,0.8,0.1,1.0,0.8,0.7,18.72,8.39,10.33,1.19
0.8,0.9,0.8,0.1,1.0,0.9,0.6,19.08,8.63,10.68,1.2
0.7,0.9,0.7,0.1,1.0,0.9,0.7,18.36,8.64,10.53,1.18
0.7,0.9,0.9,0.1,1.0,0.9,0.7,18.0,8.22,10.26,1.2
0.7,0.9,0.8,0.2,1.0,0.9,0.7,19.08,9.12,10.4,1.11
0.6,0.9,0.8,0.1,1.0,0.9,0.7,19.439999999999998,8.4,10.33,1.19
0.7,0.8,0.8,0.1,1.0,0.9,0.7,18.72,8.39,10.32,1.19
0.7,0.9,0.8,0.1,0.9,0.9,0.7,18.72,8.19,10.15,1.2
0.7,0.9,0.8,0.1,1.0,1.0,0.7,18.0,8.17,10.13,1.2
0.7,0.9,0.8,0.1,1.0,0.8,0.7,19.439999999999998,8.4,10.33,1.19
0.7,0.9,0.8,0.1,1.0,0.9,0.6,19.08,8.77,10.87,1.2
0.7,0.9,0.7,0.1,1.0,1.0,0.7,19.08,8.58,10.53,1.18
0.7,0.9,0.9,0.1,1.0,1.0,0.7,18.0,8.34,10.38,1.2
0.7,0.9,0.8,0.2,1.0,1.0,0.7,19.439999999999998,9.08,10.45,1.12
0.6,0.9,0.8,0.1,1.0,1.0,0.7,18.72,8.39,10.41,1.19
0.7,0.8,0.8,0.1,1.0,1.0,0.7,18.36,8.33,10.3,1.19
0.7,0.9,0.8,0.1,0.9,1.0,0.7,18.72,8.39,10.41,1.19
0.7,0.9,0.8,0.1,1.0,1.0,0.6,19.08,8.66,10.77,1.2
0.7,0.9,0.7,0.1,0.9,1.0,0.7,19.08,8.53,10.43,1.19
0.7,0.9,0.9,0.1,0.9,1.0,0.7,18.36,8.34,10.43,1.2
0.7,0.9,0.8,0.2,0.9,1.0,0.7,19.08,8.97,10.36,1.12
0.6,0.9,0.8,0.1,0.9,1.0,0.7,18.72,8.35,10.38,1.2
0.8,0.9,0.8,0.1,0.9,1.0,0.7,18.72,8.39,10.41,1.19
0.7,1.0,0.8,0.1,0.9,1.0,0.7,18.72,8.35,10.38,1.2
0.7,0.8,0.8,0.1,0.9,1.0,0.7,18.72,8.39,10.41,1.19
0.7,0.9,0.8,0.1,0.8,1.0,0.7,18.72,8.35,10.38,1.2
0.7,0.9,0.8,0.1,0.9,1.0,0.6,19.8,8.58,10.71,1.21
0.7,0.8,0.7,0.1,0.9,1.0,0.7,19.08,8.53,10.43,1.19
0.7,0.8,0.9,0.1,0.9,1.0,0.7,18.36,8.34,10.43,1.2
0.7,0.8,0.8,0.2,0.9,1.0,0.7,19.08,8.97,10.36,1.12
0.6,0.8,0.8,0.1,0.9,1.0,0.7,18.72,8.39,10.41,1.19
0.8,0.8,0.8,0.1,0.9,1.0,0.7,18.36,8.29,10.3,1.2
0.7,0.7,0.8,0.1,0.9,1.0,0.7,18.36,8.29,10.3,1.2
0.7,0.8,0.8,0.1,0.8,1.0,0.7,18.72,8.49,10.48,1.19
0.7,0.8,0.8,0.1,0.9,0.9,0.7,18.0,8.17,10.13,1.2
0.7,0.8,0.8,0.1,0.9,1.0,0.6,19.8,8.56,10.67,1.21
0.7,0.8,0.7,0.1,0.9,0.9,0.7,19.08,8.58,10.53,1.18
0.7,0.8,0.9,0.1,0.9,0.9,0.7,18.0,8.34,10.38,1.2
0.7,0.8,0.8,0.2,0.9,0.9,0.7,19.439999999999998,9.08,10.45,1.12
0.6,0.8,0.8,0.1,0.9,0.9,0.7,18.72,8.19,10.15,1.2
0.8,0.8,0.8,0.1,0.9,0.9,0.7,18.36,8.36,10.41,1.2
0.7,0.7,0.8,0.1,0.9,0.9,0.7,18.36,8.36,10.41,1.2
0.7,0.8,0.8,0.1,0.8,0.9,0.7,18.72,8.39,10.41,1.19
0.7,0.8,0.8,0.1,0.9,0.8,0.7,18.72,8.39,10.33,1.19
0.7,0.8,0.8,0.1,0.9,0.9,0.6,19.08,8.74,10.88,1.2
0.6,0.8,0.7,0.1,0.9,0.9,0.7,19.08,8.58,10.53,1.18
0.6,0.8,0.9,0.1,0.9,0.9,0.7,18.72,8.39,10.5,1.2
0.6,0.8,0.8,0.2,0.9,0.9,0.7,19.439999999999998,9.08,10.47,1.12
0.5,0.8,0.8,0.1,0.9,0.9,0.7,18.72,8.19,10.15,1.2
0.6,0.7,0.8,0.1,0.9,0.9,0.7,19.439999999999998,8.41,10.46,1.2
0.6,0.9,0.8,0.1,0.9,0.9,0.7,18.72,8.19,10.15,1.2
0.6,0.8,0.8,0.1,1.0,0.9,0.7,18.72,8.39,10.32,1.19
0.6,0.8,0.8,0.1,0.8,0.9,0.7,19.08,8.4,10.43,1.19
0.6,0.8,0.8,0.1,0.9,0.8,0.7,19.439999999999998,8.4,10.33,1.19
0.6,0.8,0.8,0.1,0.9,0.9,0.6,19.08,8.58,10.73,1.21
0.6,0.9,0.7,0.1,0.9,0.9,0.7,19.08,8.58,10.53,1.18
0.6,0.9,0.9,0.1,0.9,0.9,0.7,18.72,8.39,10.5,1.2
0.6,0.9,0.8,0.2,0.9,0.9,0.7,19.439999999999998,9.08,10.47,1.12
0.5,0.9,0.8,0.1,0.9,0.9,0.7,19.08,8.4,10.43,1.19
0.6,1.0,0.8,0.1,0.9,0.9,0.7,19.08,8.4,10.43,1.19
0.6,0.9,0.8,0.1,0.8,0.9,0.7,18.72,8.35,10.38,1.2
0.6,0.9,0.8,0.1,0.9,0.8,0.7,19.439999999999998,8.4,10.33,1.19
0.6,0.9,0.8,0.1,0.9,0.9,0.6,19.08,8.64,10.72,1.2
0.6,0.9,0.7,0.1,0.8,0.9,0.7,18.72,8.54,10.54,1.2
0.6,0.9,0.9,0.1,0.8,0.9,0.7,18.72,8.37,10.39,1.2
0.6,0.9,0.8,0.2,0.8,0.9,0.7,19.439999999999998,8.9,10.25,1.11
0.5,0.9,0.8,0.1,0.8,0.9,0.7,18.72,8.35,10.38,1.2
0.7,0.9,0.8,0.1,0.8,0.9,0.7,19.08,8.4,10.43,1.19
0.6,1.0,0.8,0.1,0.8,0.9,0.7,18.72,8.35,10.38,1.2
0.6,0.9,0.8,0.1,0.7,0.9,0.7,18.72,8.37,10.41,1.2
0.6,0.9,0.8,0.1,0.8,1.0,0.7,18.72,8.37,10.41,1.2
0.6,0.9,0.8,0.1,0.8,0.8,0.7,18.72,8.19,10.15,1.2
0.6,0.9,0.8,0.1,0.8,0.9,0.6,19.8,8.7,10.85,1.2
0.6,0.9,0.7,0.1,0.8,0.8,0.7,19.08,8.58,10.53,1.18
0.6,0.9,0.9,0.1,0.8,0.8,0.7,18.72,8.39,10.5,1.2
0.6,0.9,0.8,0.2,0.8,0.8,0.7,19.439999999999998,9.08,10.47,1.12
0.5,0.9,0.8,0.1,0.8,0.8,0.7,18.72,8.49,10.48,1.19
0.7,0.9,0.8,0.1,0.8,0.8,0.7,18.72,8.19,10.15,1.2
0.6,1.0,0.8,0.1,0.8,0.8,0.7,19.439999999999998,8.36,10.31,1.2
0.6,0.8,0.8,0.1,0.8,0.8,0.7,18.72,8.19,10.15,1.2
0.6,0.9,0.8,0.1,0.7,0.8,0.7,18.0,8.31,10.37,1.2
0.6,0.9,0.8,0.1,0.8,0.7,0.7,18.72,8.43,10.4,1.19
0.6,0.9,0.8,0.1,0.8,0.8,0.6,19.08,8.64,10.72,1.2
0.6,0.9,0.7,0.1,0.7,0.8,0.7,18.36,8.46,10.43,1.19
0.6,0.9,0.9,0.1,0.7,0.8,0.7,19.08,8.32,10.38,1.2
0.6,0.9,0.8,0.2,0.7,0.8,0.7,19.439999999999998,8.76,10.15,1.12
0.5,0.9,0.8,0.1,0.7,0.8,0.7,18.36,8.47,10.48,1.2
0.7,0.9,0.8,0.1,0.7,0.8,0.7,19.08,8.4,10.43,1.19
0.6,1.0,0.8,0.1,0.7,0.8,0.7,19.08,8.41,10.42,1.19
0.6,0.8,0.8,0.1,0.7,0.8,0.7,19.08,8.4,10.43,1.19
0.6,0.9,0.8,0.1,0.6,0.8,0.7,18.0,8.33,10.34,1.2
0.6,0.9,0.8,0.1,0.7,0.7,0.7,18.72,8.43,10.4,1.19
0.6,0.9,0.8,0.1,0.7,0.8,0.6,19.8,9.01,11.16,1.19
0.6,0.9,0.7,0.1,0.6,0.8,0.7,19.439999999999998,8.76,10.74,1.19
0.6,0.9,0.9,0.1,0.6,0.8,0.7,18.72,8.33,10.41,1.2
0.6,0.9,0.8,0.2,0.6,0.8,0.7,19.439999999999998,8.99,10.36,1.11
0.5,0.9,0.8,0.1,0.6,0.8,0.7,18.72,8.68,10.69,1.2
0.7,0.9,0.8,0.1,0.6,0.8,0.7,18.36,8.32,10.37,1.2
0.6,1.0,0.8,0.1,0.6,0.8,0.7,18.36,8.4,10.37,1.2
0.6,0.8,0.8,0.1,0.6,0.8,0.7,18.36,8.33,10.37,1.2
0.6,0.9,0.8,0.1,0.5,0.8,0.7,19.439999999999998,8.76,10.81,1.2
0.6,0.9,0.8,0.1,0.6,0.7,0.7,18.72,8.4,10.42,1.2
0.6,0.9,0.8,0.1,0.6,0.9,0.7,18.0,8.46,10.5,1.2
0.6,0.9,0.8,0.1,0.6,0.8,0.6,20.16,8.96,11.15,1.2
0.7,0.9,0.7,0.1,0.6,0.8,0.7,18.72,8.63,10.61,1.19
0.7,0.9,0.9,0.1,0.6,0.8,0.7,18.72,8.36,10.41,1.2
0.7,0.9,0.8,0.2,0.6,0.8,0.7,19.8,8.9,10.31,1.12
0.7,1.0,0.8,0.1,0.6,0.8,0.7,18.36,8.36,10.36,1.2
0.7,0.8,0.8,0.1,0.6,0.8,0.7,18.36,8.33,10.35,1.19
0.7,0.9,0.8,0.1,0.6,0.9,0.7,18.72,8.5,10.54,1.2
0.7,0.9,0.8,0.1,0.6,0.8,0.6,19.8,9.11,11.26,1.19
0.7,0.9,1.0,0.1,0.6,0.8,0.7,18.72,8.46,10.69,1.23
0.7,0.9,0.9,0.2,0.6,0.8,0.7,18.72,9.03,10.53,1.12
0.7,1.0,0.9,0.1,0.6,0.8,0.7,18.72,8.36,10.44,1.2
0.7,0.8,0.9,0.1,0.6,0.8,0.7,18.72,8.47,10.61,1.2
0.7,0.9,0.9,0.1,0.5,0.8,0.7,18.72,8.44,10.58,1.21
0.7,0.9,0.9,0.1,0.7,0.8,0.7,18.36,8.32,10.38,1.2
0.7,0.9,0.9,0.1,0.6,0.9,0.7,18.36,8.42,10.5,1.21
0.7,0.9,0.9,0.1,0.6,0.8,0.6,20.16,9.04,11.18,1.2
0.7,0.9,1.0,0.1,0.7,0.8,0.7,18.36,8.54,10.7,1.22
0.7,0.9,0.9,0.2,0.7,0.8,0.7,18.72,8.8,10.37,1.13
0.8,0.9,0.9,0.1,0.7,0.8,0.7,18.36,8.7,10.76,1.2
0.7,1.0,0.9,0.1,0.7,0.8,0.7,19.08,8.32,10.38,1.2
0.7,0.8,0.9,0.1,0.7,0.8,0.7,18.36,8.7,10.76,1.2
0.7,0.9,0.9,0.1,0.8,0.8,0.7,18.72,8.39,10.5,1.2
0.7,0.9,0.9,0.1,0.7,0.7,0.7,18.0,8.33,10.4,1.2
0.7,0.9,0.9,0.1,0.7,0.9,0.7,18.72,8.37,10.39,1.2
0.7,0.9,0.9,0.1,0.7,0.8,0.6,19.439999999999998,8.72,10.92,1.2
0.7,0.9,1.0,0.2,0.7,0.8,0.7,19.439999999999998,8.88,10.44,1.13
0.6,0.9,1.0,0.1,0.7,0.8,0.7,18.0,8.55,10.73,1.22
0.8,0.9,1.0,0.1,0.7,0.8,0.7,19.439999999999998,8.45,10.6,1.23
0.7,1.0,1.0,0.1,0.7,0.8,0.7,18.0,8.55,10.73,1.22
0.7,0.8,1.0,0.1,0.7,0.8,0.7,19.439999999999998,8.45,10.6,1.23
0.7,0.9,1.0,0.1,0.8,0.8,0.7,18.72,8.38,10.6,1.22
0.7,0.9,1.0,0.1,0.7,0.7,0.7,18.36,8.33,10.57,1.23
0.7,0.9,1.0,0.1,0.7,0.9,0.7,18.0,8.33,10.56,1.23
0.7,0.9,1.0,0.1,0.7,0.8,0.6,19.8,8.73,11.19,1.23
0.7,0.9,1.0,0.2,0.7,0.9,0.7,19.439999999999998,8.86,10.41,1.13
0.6,0.9,1.0,0.1,0.7,0.9,0.7,18.36,8.54,10.72,1.22
0.8,0.9,1.0,0.1,0.7,0.9,0.7,18.72,8.29,10.48,1.22
0.7,1.0,1.0,0.1,0.7,0.9,0.7,18.36,8.54,10.72,1.22
0.7,0.8,1.0,0.1,0.7,0.9,0.7,18.72,8.29,10.48,1.22
0.7,0.9,1.0,0.1,0.6,0.9,0.7,18.72,8.42,10.62,1.23
0.7,0.9,1.0,0.1,0.8,0.9,0.7,18.36,8.54,10.7,1.22
0.7,0.9,1.0,0.1,0.7,1.0,0.7,18.36,8.45,10.63,1.23
0.7,0.9,1.0,0.1,0.7,0.9,0.6,19.439999999999998,8.84,11.21,1.23
0.7,1.0,0.9,0.1,0.7,0.9,0.7,18.72,8.36,10.44,1.2
0.7,1.0,1.0,0.2,0.7,0.9,0.7,18.72,8.77,10.4,1.14
0.6,1.0,1.0,0.1,0.7,0.9,0.7,18.0,8.34,10.54,1.23
0.8,1.0,1.0,0.1,0.7,0.9,0.7,18.0,8.33,10.56,1.23
0.7,1.0,1.0,0.1,0.6,0.9,0.7,18.72,8.55,10.76,1.23
0.7,1.0,1.0,0.1,0.8,0.9,0.7,18.0,8.33,10.56,1.23
0.7,1.0,1.0,0.1,0.7,1.0,0.7,18.36,8.41,10.6,1.22
0.7,1.0,1.0,0.1,0.7,0.9,0.6,19.8,8.79,11.2,1.23
0.7,1.0,0.9,0.1,0.7,1.0,0.7,18.36,8.31,10.41,1.2
0.7,1.0,1.0,0.2,0.7,1.0,0.7,19.08,8.92,10.58,1.14
0.6,1.0,1.0,0.1,0.7,1.0,0.7,18.72,8.69,10.86,1.22
0.8,1.0,1.0,0.1,0.7,1.0,0.7,18.36,8.45,10.63,1.23
0.7,1.0,1.0,0.1,0.6,1.0,0.7,18.72,8.53,10.73,1.22
0.7,1.0,1.0,0.1,0.8,1.0,0.7,18.36,8.54,10.72,1.22
0.7,1.0,1.0,0.1,0.7,1.0,0.6,20.16,8.84,11.26,1.24
0.7,1.0,0.9,0.1,0.8,1.0,0.7,18.72,8.36,10.44,1.2
0.7,1.0,1.0,0.2,0.8,1.0,0.7,18.72,8.77,10.4,1.14
0.6,1.0,1.0,0.1,0.8,1.0,0.7,18.36,8.62,10.83,1.22
0.8,1.0,1.0,0.1,0.8,1.0,0.7,18.36,8.25,10.45,1.22
0.7,0.9,1.0,0.1,0.8,1.0,0.7,18.36,8.25,10.53,1.23
0.7,1.0,1.0,0.1,0.9,1.0,0.7,18.0,8.33,10.56,1.23
0.7,1.0,1.0,0.1,0.8,1.0,0.6,19.8,8.66,11.02,1.23
0.7,1.0,0.9,0.1,0.9,1.0,0.7,18.72,8.37,10.39,1.2
0.7,1.0,1.0,0.2,0.9,1.0,0.7,19.439999999999998,8.86,10.41,1.13
0.6,1.0,1.0,0.1,0.9,1.0,0.7,18.0,8.33,10.56,1.23
0.8,1.0,1.0,0.1,0.9,1.0,0.7,18.72,8.25,10.51,1.22
0.7,0.9,1.0,0.1,0.9,1.0,0.7,18.72,8.25,10.51,1.22
0.7,1.0,1.0,0.1,1.0,1.0,0.7,18.72,8.26,10.44,1.22
0.7,1.0,1.0,0.1,0.9,0.9,0.7,18.36,8.31,10.52,1.22
0.7,1.0,1.0,0.1,0.9,1.0,0.6,19.08,8.78,11.13,1.23
0.6,1.0,0.9,0.1,0.9,1.0,0.7,18.72,8.37,10.39,1.2
0.6,1.0,1.0,0.2,0.9,1.0,0.7,19.439999999999998,8.86,10.41,1.13
0.5,1.0,1.0,0.1,0.9,1.0,0.7,18.36,8.44,10.67,1.22
0.6,0.9,1.0,0.1,0.9,1.0,0.7,18.0,8.33,10.56,1.23
0.6,1.0,1.0,0.1,1.0,1.0,0.7,18.36,8.36,10.57,1.22
0.6,1.0,1.0,0.1,0.9,0.9,0.7,18.36,8.31,10.52,1.22
0.6,1.0,1.0,0.1,0.9,1.0,0.6,19.439999999999998,8.57,10.91,1.23
0.6,0.9,0.9,0.1,0.9,1.0,0.7,18.72,8.37,10.39,1.2
0.6,0.9,1.0,0.2,0.9,1.0,0.7,19.439999999999998,8.86,10.41,1.13
0.5,0.9,1.0,0.1,0.9,1.0,0.7,18.0,8.33,10.56,1.23
0.6,0.8,1.0,0.1,0.9,1.0,0.7,18.72,8.25,10.51,1.22
0.6,0.9,1.0,0.1,1.0,1.0,0.7,17.64,8.36,10.56,1.23
