0.8,0.3,0.4,0.6,0.6,0.3,0.5,28.08,14.8,16.02,1.1
0.8,0.3,0.3,0.6,0.6,0.3,0.5,29.16,16.47,16.46,1.02
0.8,0.3,0.5,0.6,0.6,0.3,0.5,25.2,14.31,16.24,1.13
0.8,0.3,0.4,0.5,0.6,0.3,0.5,27.0,14.06,16.22,1.15
0.8,0.3,0.4,0.7,0.6,0.3,0.5,35.28,16.05,16.35,1.05
0.7,0.3,0.4,0.6,0.6,0.3,0.5,33.48,15.16,16.21,1.09
0.9,0.3,0.4,0.6,0.6,0.3,0.5,28.08,14.8,16.02,1.1
0.8,0.2,0.4,0.6,0.6,0.3,0.5,28.08,14.91,16.05,1.09
0.8,0.4,0.4,0.6,0.6,0.3,0.5,33.48,15.16,16.21,1.09
0.8,0.3,0.4,0.6,0.5,0.3,0.5,28.08,14.8,16.02,1.1
0.8,0.3,0.4,0.6,0.7,0.3,0.5,28.08,14.8,16.02,1.1
0.8,0.3,0.4,0.6,0.6,0.2,0.5,33.48,15.16,16.21,1.09
0.8,0.3,0.4,0.6,0.6,0.4,0.5,28.08,14.91,16.05,1.09
0.8,0.3,0.4,0.6,0.6,0.3,0.6,27.72,14.49,15.54,1.09
0.8,0.3,0.4,0.6,0.6,0.3,0.4,31.68,15.26,16.17,1.09
0.8,0.3,0.3,0.6,0.6,0.3,0.6,32.4,15.42,15.58,1.04
0.8,0.3,0.5,0.6,0.6,0.3,0.6,27.0,13.42,15.45,1.15
0.8,0.3,0.4,0.5,0.6,0.3,0.6,27.0,13.44,15.43,1.15
0.8,0.3,0.4,0.7,0.6,0.3,0.6,34.92,14.81,15.54,1.07
0.7,0.3,0.4,0.6,0.6,0.3,0.6,27.72,14.49,15.54,1.09
0.9,0.3,0.4,0.6,0.6,0.3,0.6,29.52,14.86,15.63,1.08
0.8,0.2,0.4,0.6,0.6,0.3,0.6,29.52,14.55,15.52,1.09
0.8,0.4,0.4,0.6,0.6,0.3,0.6,29.52,14.53,15.55,1.09
0.8,0.3,0.4,0.6,0.5,0.3,0.6,27.72,14.32,15.54,1.1
0.8,0.3,0.4,0.6,0.7,0.3,0.6,29.16,14.78,15.56,1.08
0.8,0.3,0.4,0.6,0.6,0.2,0.6,27.72,14.51,15.36,1.08
0.8,0.3,0.4,0.6,0.6,0.4,0.6,29.88,14.75,15.83,1.09
0.8,0.3,0.4,0.6,0.6,0.3,0.7,27.36,14.56,15.3,1.07
0.8,0.3,0.3,0.6,0.6,0.3,0.7,33.48,15.35,15.21,1.02
0.8,0.3,0.5,0.6,0.6,0.3,0.7,25.919999999999998,13.54,15.38,1.14
0.8,0.3,0.4,0.5,0.6,0.3,0.7,28.439999999999998,13.83,15.41,1.12
0.8,0.3,0.4,0.7,0.6,0.3,0.7,28.799999999999997,15.28,15.22,1.03
0.7,0.3,0.4,0.6,0.6,0.3,0.7,27.36,14.56,15.3,1.07
0.9,0.3,0.4,0.6,0.6,0.3,0.7,27.36,14.56,15.3,1.07
0.8,0.2,0.4,0.6,0.6,0.3,0.7,29.52,14.78,15.33,1.07
0.8,0.4,0.4,0.6,0.6,0.3,0.7,27.36,14.56,15.3,1.07
0.8,0.3,0.4,0.6,0.5,0.3,0.7,27.36,14.56,15.3,1.07
0.8,0.3,0.4,0.6,0.7,0.3,0.7,27.36,14.56,15.3,1.07
0.8,0.3,0.4,0.6,0.6,0.2,0.7,29.88,14.43,15.32,1.08
0.8,0.3,0.4,0.6,0.6,0.4,0.7,29.52,14.78,15.33,1.07
0.8,0.3,0.2,0.6,0.6,0.3,0.7,61.199999999999996,18.69,15.25,0.92
0.8,0.3,0.3,0.5,0.6,0.3,0.7,28.08,14.77,15.3,1.07
0.8,0.3,0.3,0.7,0.6,0.3,0.7,39.24,16.85,15.32,0.98
0.7,0.3,0.3,0.6,0.6,0.3,0.7,33.48,15.35,15.21,1.02
0.9,0.3,0.3,0.6,0.6,0.3,0.7,33.48,15.35,15.21,1.02
0.8,0.2,0.3,0.6,0.6,0.3,0.7,33.48,15.35,15.21,1.02
0.8,0.4,0.3,0.6,0.6,0.3,0.7,33.48,15.35,15.21,1.02
0.8,0.3,0.3,0.6,0.5,0.3,0.7,33.48,15.35,15.21,1.02
0.8,0.3,0.3,0.6,0.7,0.3,0.7,33.48,15.35,15.21,1.02
0.8,0.3,0.3,0.6,0.6,0.2,0.7,33.48,15.35,15.21,1.02
0.8,0.3,0.3,0.6,0.6,0.4,0.7,33.48,15.35,15.21,1.02
0.8,0.3,0.2,0.6,0.7,0.3,0.7,61.199999999999996,18.69,15.25,0.92
0.8,0.3,0.3,0.5,0.7,0.3,0.7,28.08,14.76,15.31,1.07
0.8,0.3,0.3,0.7,0.7,0.3,0.7,35.64,16.66,15.28,0.98
0.7,0.3,0.3,0.6,0.7,0.3,0.7,33.48,15.35,15.21,1.02
0.9,0.3,0.3,0.6,0.7,0.3,0.7,33.48,15.35,15.21,1.02
0.8,0.2,0.3,0.6,0.7,0.3,0.7,33.48,15.35,15.21,1.02
0.8,0.4,0.3,0.6,0.7,0.3,0.7,33.48,15.35,15.21,1.02
0.8,0.3,0.3,0.6,0.8,0.3,0.7,33.48,15.35,15.21,1.02
0.8,0.3,0.3,0.6,0.7,0.2,0.7,33.48,15.49,15.27,1.02
0.8,0.3,0.3,0.6,0.7,0.4,0.7,33.48,15.35,15.21,1.02
0.8,0.3,0.3,0.6,0.7,0.3,0.6,35.28,15.61,15.58,1.03
0.9,0.3,0.2,0.6,0.7,0.3,0.7,61.559999999999995,18.7,15.28,0.93
0.9,0.3,0.4,0.6,0.7,0.3,0.7,27.36,14.56,15.3,1.07
0.9,0.3,0.3,0.5,0.7,0.3,0.7,28.08,14.77,15.3,1.07
0.9,0.3,0.3,0.7,0.7,0.3,0.7,39.24,16.85,15.3,0.97
1.0,0.3,0.3,0.6,0.7,0.3,0.7,33.48,15.35,15.21,1.02
0.9,0.2,0.3,0.6,0.7,0.3,0.7,33.48,15.35,15.21,1.02
0.9,0.4,0.3,0.6,0.7,0.3,0.7,33.48,15.35,15.21,1.02
0.9,0.3,0.3,0.6,0.8,0.3,0.7,33.48,15.35,15.21,1.02
0.9,0.3,0.3,0.6,0.7,0.2,0.7,33.48,15.35,15.21,1.02
0.9,0.3,0.3,0.6,0.7,0.4,0.7,33.48,15.35,15.21,1.02
0.9,0.3,0.3,0.6,0.7,0.3,0.6,32.04,15.43,15.53,1.04
0.9,0.3,0.2,0.6,0.8,0.3,0.7,61.559999999999995,18.7,15.28,0.93
0.9,0.3,0.4,0.6,0.8,0.3,0.7,27.36,14.56,15.3,1.07
0.9,0.3,0.3,0.5,0.8,0.3,0.7,28.08,14.77,15.3,1.07
0.9,0.3,0.3,0.7,0.8,0.3,0.7,35.64,16.66,15.26,0.98
1.0,0.3,0.3,0.6,0.8,0.3,0.7,33.48,15.35,15.21,1.02
0.9,0.2,0.3,0.6,0.8,0.3,0.7,33.48,15.35,15.21,1.02
0.9,0.4,0.3,0.6,0.8,0.3,0.7,33.48,15.35,15.21,1.02
0.9,0.3,0.3,0.6,0.9,0.3,0.7,33.48,15.35,15.21,1.02
0.9,0.3,0.3,0.6,0.8,0.2,0.7,33.48,15.35,15.21,1.02
0.9,0.3,0.3,0.6,0.8,0.4,0.7,33.48,15.35,15.21,1.02
0.9,0.3,0.3,0.6,0.8,0.3,0.6,33.839999999999996,15.47,15.29,1.03
1.0,0.3,0.2,0.6,0.8,0.3,0.7,61.559999999999995,18.7,15.28,0.93
1.0,0.3,0.4,0.6,0.8,0.3,0.7,27.36,14.56,15.3,1.07
1.0,0.3,0.3,0.5,0.8,0.3,0.7,28.08,14.77,15.3,1.07
1.0,0.3,0.3,0.7,0.8,0.3,0.7,35.64,16.66,15.26,0.98
1.0,0.2,0.3,0.6,0.8,0.3,0.7,33.48,15.35,15.21,1.02
1.0,0.4,0.3,0.6,0.8,0.3,0.7,33.48,15.35,15.21,1.02
1.0,0.3,0.3,0.6,0.9,0.3,0.7,33.48,15.35,15.21,1.02
1.0,0.3,0.3,0.6,0.8,0.2,0.7,33.48,15.35,15.21,1.02
1.0,0.3,0.3,0.6,0.8,0.4,0.7,33.48,15.35,15.21,1.02
1.0,0.3,0.3,0.6,0.8,0.3,0.6,33.48,15.35,15.21,1.02
1.0,0.3,0.2,0.6,0.9,0.3,0.7,61.559999999999995,18.7,15.28,0.93
1.0,0.3,0.4,0.6,0.9,0.3,0.7,27.36,14.56,15.3,1.07
1.0,0.3,0.3,0.5,0.9,0.3,0.7,28.08,14.77,15.3,1.07
1.0,0.3,0.3,0.7,0.9,0.3,0.7,35.64,16.66,15.26,0.98
1.0,0.2,0.3,0.6,0.9,0.3,0.7,33.48,15.35,15.21,1.02
1.0,0.4,0.3,0.6,0.9,0.3,0.7,33.48,15.35,15.21,1.02
1.0,0.3,0.3,0.6,1.0,0.3,0.7,33.48,15.35,15.21,1.02
1.0,0.3,0.3,0.6,0.9,0.2,0.7,33.48,15.35,15.21,1.02
1.0,0.3,0.3,0.6,0.9,0.4,0.7,33.48,15.35,15.21,1.02
1.0,0.3,0.3,0.6,0.9,0.3,0.6,33.48,15.35,15.21,1.02
1.0,0.3,0.2,0.6,1.0,0.3,0.7,61.559999999999995,18.7,15.28,0.93
1.0,0.3,0.4,0.6,1.0,0.3,0.7,27.36,14.56,15.3,1.07
1.0,0.3,0.3,0.5,1.0,0.3,0.7,28.08,14.76,15.31,1.07
1.0,0.3,0.3,0.7,1.0,0.3,0.7,35.64,16.66,15.26,0.98
0.9,0.3,0.3,0.6,1.0,0.3,0.7,33.48,15.35,15.21,1.02
1.0,0.2,0.3,0.6,1.0,0.3,0.7,33.48,15.35,15.21,1.02
1.0,0.4,0.3,0.6,1.0,0.3,0.7,33.48,15.35,15.21,1.02
1.0,0.3,0.3,0.6,1.0,0.2,0.7,33.48,15.35,15.21,1.02
1.0,0.3,0.3,0.6,1.0,0.4,0.7,33.48,15.35,15.21,1.02
1.0,0.3,0.3,0.6,1.0,0.3,0.6,33.48,15.35,15.21,1.02
1.0,0.4,0.2,0.6,1.0,0.3,0.7,61.199999999999996,18.69,15.25,0.92
1.0,0.4,0.4,0.6,1.0,0.3,0.7,27.36,14.56,15.3,1.07
1.0,0.4,0.3,0.5,1.0,0.3,0.7,28.08,14.76,15.31,1.07
1.0,0.4,0.3,0.7,1.0,0.3,0.7,35.64,16.66,15.28,0.98
0.9,0.4,0.3,0.6,1.0,0.3,0.7,33.48,15.35,15.21,1.02
1.0,0.5,0.3,0.6,1.0,0.3,0.7,33.48,15.35,15.21,1.02
1.0,0.4,0.3,0.6,1.0,0.2,0.7,33.839999999999996,15.47,15.29,1.03
1.0,0.4,0.3,0.6,1.0,0.4,0.7,33.48,15.35,15.21,1.02
1.0,0.4,0.3,0.6,1.0,0.3,0.6,33.839999999999996,15.47,15.29,1.03
1.0,0.4,0.2,0.6,1.0,0.4,0.7,61.559999999999995,18.7,15.28,0.93
1.0,0.4,0.4,0.6,1.0,0.4,0.7,27.36,14.56,15.3,1.07
1.0,0.4,0.3,0.5,1.0,0.4,0.7,28.08,14.77,15.3,1.07
1.0,0.4,0.3,0.7,1.0,0.4,0.7,35.64,16.66,15.26,0.98
0.9,0.4,0.3,0.6,1.0,0.4,0.7,33.48,15.35,15.21,1.02
1.0,0.5,0.3,0.6,1.0,0.4,0.7,33.48,15.35,15.21,1.02
1.0,0.4,0.3,0.6,0.9,0.4,0.7,33.48,15.35,15.21,1.02
1.0,0.4,0.3,0.6,1.0,0.5,0.7,33.48,15.35,15.21,1.02
1.0,0.4,0.3,0.6,1.0,0.4,0.6,33.48,15.61,15.54,1.03
1.0,0.4,0.2,0.6,0.9,0.4,0.7,61.559999999999995,18.7,15.28,0.93
1.0,0.4,0.4,0.6,0.9,0.4,0.7,27.36,14.56,15.3,1.07
1.0,0.4,0.3,0.5,0.9,0.4,0.7,28.08,14.77,15.3,1.07
1.0,0.4,0.3,0.7,0.9,0.4,0.7,35.64,16.66,15.26,0.98
0.9,0.4,0.3,0.6,0.9,0.4,0.7,33.48,15.35,15.21,1.02
1.0,0.5,0.3,0.6,0.9,0.4,0.7,33.48,15.35,15.21,1.02
1.0,0.4,0.3,0.6,0.8,0.4,0.7,33.48,15.35,15.21,1.02
1.0,0.4,0.3,0.6,0.9,0.5,0.7,33.48,15.35,15.21,1.02
1.0,0.4,0.3,0.6,0.9,0.4,0.6,33.839999999999996,15.51,15.54,1.04
0.9,0.4,0.2,0.6,0.9,0.4,0.7,61.559999999999995,18.7,15.28,0.93
0.9,0.4,0.4,0.6,0.9,0.4,0.7,27.36,14.56,15.3,1.07
0.9,0.4,0.3,0.5,0.9,0.4,0.7,28.08,14.76,15.31,1.07
0.9,0.4,0.3,0.7,0.9,0.4,0.7,35.64,16.66,15.26,0.98
0.8,0.4,0.3,0.6,0.9,0.4,0.7,33.48,15.35,15.21,1.02
0.9,0.3,0.3,0.6,0.9,0.4,0.7,33.48,15.35,15.21,1.02
0.9,0.5,0.3,0.6,0.9,0.4,0.7,33.48,15.35,15.21,1.02
0.9,0.4,0.3,0.6,0.8,0.4,0.7,33.48,15.35,15.21,1.02
0.9,0.4,0.3,0.6,0.9,0.3,0.7,33.48,15.35,15.21,1.02
0.9,0.4,0.3,0.6,0.9,0.5,0.7,33.48,15.35,15.21,1.02
0.9,0.4,0.3,0.6,0.9,0.4,0.6,35.28,15.61,15.58,1.03
0.9,0.4,0.2,0.6,0.8,0.4,0.7,61.559999999999995,18.7,15.28,0.93
0.9,0.4,0.4,0.6,0.8,0.4,0.7,27.36,14.56,15.3,1.07
0.9,0.4,0.3,0.5,0.8,0.4,0.7,28.08,14.77,15.3,1.07
0.9,0.4,0.3,0.7,0.8,0.4,0.7,35.64,16.66,15.26,0.98
0.8,0.4,0.3,0.6,0.8,0.4,0.7,33.48,15.35,15.21,1.02
0.9,0.5,0.3,0.6,0.8,0.4,0.7,33.48,15.35,15.21,1.02
0.9,0.4,0.3,0.6,0.7,0.4,0.7,33.48,15.35,15.21,1.02
0.9,0.4,0.3,0.6,0.8,0.5,0.7,33.48,15.35,15.21,1.02
0.9,0.4,0.3,0.6,0.8,0.4,0.6,32.4,15.42,15.58,1.04
0.8,0.4,0.2,0.6,0.8,0.4,0.7,61.199999999999996,18.69,15.25,0.92
0.8,0.4,0.4,0.6,0.8,0.4,0.7,27.36,14.56,15.3,1.07
0.8,0.4,0.3,0.5,0.8,0.4,0.7,28.08,14.76,15.31,1.07
0.8,0.4,0.3,0.7,0.8,0.4,0.7,35.64,16.66,15.28,0.98
0.7,0.4,0.3,0.6,0.8,0.4,0.7,33.48,15.35,15.21,1.02
0.8,0.3,0.3,0.6,0.8,0.4,0.7,33.48,15.35,15.21,1.02
0.8,0.5,0.3,0.6,0.8,0.4,0.7,33.48,15.35,15.21,1.02
0.8,0.4,0.3,0.6,0.7,0.4,0.7,33.48,15.35,15.21,1.02
0.8,0.4,0.3,0.6,0.8,0.3,0.7,33.48,15.35,15.21,1.02
0.8,0.4,0.3,0.6,0.8,0.5,0.7,33.48,15.35,15.21,1.02
0.8,0.4,0.3,0.6,0.8,0.4,0.6,32.4,15.42,15.58,1.04
0.8,0.4,0.2,0.6,0.8,0.5,0.7,61.559999999999995,18.7,15.28,0.93
0.8,0.4,0.4,0.6,0.8,0.5,0.7,27.36,14.56,15.3,1.07
0.8,0.4,0.3,0.5,0.8,0.5,0.7,28.08,14.77,15.3,1.07
0.8,0.4,0.3,0.7,0.8,0.5,0.7,38.519999999999996,16.79,15.27,0.97
0.7,0.4,0.3,0.6,0.8,0.5,0.7,33.48,15.35,15.21,1.02
0.8,0.3,0.3,0.6,0.8,0.5,0.7,33.48,15.35,15.21,1.02
0.8,0.5,0.3,0.6,0.8,0.5,0.7,33.48,15.35,15.21,1.02
0.8,0.4,0.3,0.6,0.7,0.5,0.7,33.48,15.35,15.21,1.02
0.8,0.4,0.3,0.6,0.9,0.5,0.7,33.48,15.35,15.21,1.02
0.8,0.4,0.3,0.6,0.8,0.6,0.7,33.48,15.35,15.21,1.02
0.8,0.4,0.3,0.6,0.8,0.5,0.6,28.439999999999998,15.3,15.6,1.05
0.8,0.4,0.2,0.6,0.9,0.5,0.7,61.559999999999995,18.7,15.28,0.93
0.8,0.4,0.4,0.6,0.9,0.5,0.7,27.36,14.56,15.3,1.07
0.8,0.4,0.3,0.5,0.9,0.5,0.7,28.08,14.77,15.3,1.07
0.8,0.4,0.3,0.7,0.9,0.5,0.7,35.64,16.66,15.26,0.98
0.7,0.4,0.3,0.6,0.9,0.5,0.7,33.48,15.35,15.21,1.02
0.8,0.3,0.3,0.6,0.9,0.5,0.7,33.48,15.35,15.21,1.02
