0.6,0.1,0.4,0.7,0.6,0.7,0.5,37.8,17.81,10.7,0.66
0.6,0.1,0.3,0.7,0.6,0.7,0.5,43.559999999999995,22.36,10.95,0.56
0.6,0.1,0.5,0.7,0.6,0.7,0.5,37.08,16.5,10.83,0.7
0.6,0.1,0.4,0.6,0.6,0.7,0.5,39.24,17.45,10.71,0.66
0.6,0.1,0.4,0.8,0.6,0.7,0.5,42.839999999999996,19.2,10.61,0.63
0.5,0.1,0.4,0.7,0.6,0.7,0.5,36.72,17.66,10.76,0.67
0.7,0.1,0.4,0.7,0.6,0.7,0.5,43.92,18.41,10.62,0.64
0.6,0.2,0.4,0.7,0.6,0.7,0.5,38.519999999999996,17.82,10.75,0.66
0.6,0.1,0.4,0.7,0.5,0.7,0.5,36.0,17.65,10.67,0.66
0.6,0.1,0.4,0.7,0.7,0.7,0.5,37.08,17.7,10.72,0.66
0.6,0.1,0.4,0.7,0.6,0.6,0.5,36.72,17.66,10.76,0.67
0.6,0.1,0.4,0.7,0.6,0.8,0.5,43.92,18.41,10.62,0.64
0.6,0.1,0.4,0.7,0.6,0.7,0.6,39.24,19.07,10.81,0.61
0.6,0.1,0.4,0.7,0.6,0.7,0.4,36.36,18.58,10.89,0.63
0.6,0.1,0.3,0.6,0.6,0.7,0.5,38.879999999999995,17.92,10.54,0.64
0.6,0.1,0.5,0.6,0.6,0.7,0.5,31.68,14.91,10.66,0.75
0.6,0.1,0.4,0.5,0.6,0.7,0.5,31.32,16.14,10.94,0.71
0.5,0.1,0.4,0.6,0.6,0.7,0.5,35.28,17.13,10.7,0.67
0.7,0.1,0.4,0.6,0.6,0.7,0.5,33.12,16.42,10.51,0.67
0.6,0.2,0.4,0.6,0.6,0.7,0.5,38.879999999999995,17.0,10.6,0.66
0.6,0.1,0.4,0.6,0.5,0.7,0.5,35.28,17.13,10.7,0.67
0.6,0.1,0.4,0.6,0.7,0.7,0.5,34.56,16.73,10.56,0.67
0.6,0.1,0.4,0.6,0.6,0.6,0.5,37.08,17.25,10.79,0.66
0.6,0.1,0.4,0.6,0.6,0.8,0.5,33.12,16.42,10.51,0.67
0.6,0.1,0.4,0.6,0.6,0.7,0.6,33.48,17.63,10.98,0.66
0.6,0.1,0.4,0.6,0.6,0.7,0.4,32.4,17.09,10.83,0.67
0.6,0.1,0.6,0.6,0.6,0.7,0.5,30.959999999999997,13.89,10.62,0.79
0.6,0.1,0.5,0.5,0.6,0.7,0.5,30.959999999999997,14.34,10.82,0.77
0.5,0.1,0.5,0.6,0.6,0.7,0.5,30.959999999999997,14.86,10.67,0.74
0.7,0.1,0.5,0.6,0.6,0.7,0.5,31.68,14.83,10.47,0.74
0.6,0.2,0.5,0.6,0.6,0.7,0.5,36.0,15.35,10.79,0.73
0.6,0.1,0.5,0.6,0.5,0.7,0.5,30.599999999999998,14.98,10.77,0.75
0.6,0.1,0.5,0.6,0.7,0.7,0.5,30.959999999999997,14.95,10.61,0.74
0.6,0.1,0.5,0.6,0.6,0.6,0.5,30.959999999999997,14.86,10.67,0.74
0.6,0.1,0.5,0.6,0.6,0.8,0.5,31.68,14.83,10.47,0.74
0.6,0.1,0.5,0.6,0.6,0.7,0.6,31.32,15.67,10.96,0.73
0.6,0.1,0.5,0.6,0.6,0.7,0.4,29.88,15.21,11.03,0.74
0.6,0.1,0.6,0.6,0.6,0.7,0.6,29.16,14.43,10.78,0.76
0.6,0.1,0.5,0.5,0.6,0.7,0.6,28.08,14.88,10.96,0.75
0.6,0.1,0.5,0.7,0.6,0.7,0.6,35.64,17.36,10.88,0.67
0.5,0.1,0.5,0.6,0.6,0.7,0.6,30.599999999999998,15.46,10.96,0.74
0.7,0.1,0.5,0.6,0.6,0.7,0.6,31.32,15.67,10.96,0.73
0.6,0.2,0.5,0.6,0.6,0.7,0.6,30.959999999999997,15.17,10.59,0.73
0.6,0.1,0.5,0.6,0.5,0.7,0.6,30.959999999999997,15.07,10.8,0.75
0.6,0.1,0.5,0.6,0.7,0.7,0.6,29.88,15.65,10.8,0.72
0.6,0.1,0.5,0.6,0.6,0.6,0.6,30.24,15.43,10.8,0.73
0.6,0.1,0.5,0.6,0.6,0.8,0.6,28.799999999999997,14.82,10.68,0.75
0.6,0.1,0.5,0.6,0.6,0.7,0.7,29.16,14.46,10.27,0.74
0.6,0.1,0.6,0.5,0.6,0.7,0.6,27.0,13.68,10.84,0.8
0.6,0.1,0.4,0.5,0.6,0.7,0.6,30.599999999999998,15.71,10.81,0.71
0.6,0.1,0.5,0.4,0.6,0.7,0.6,26.279999999999998,13.69,11.15,0.83
0.5,0.1,0.5,0.5,0.6,0.7,0.6,29.52,14.15,10.79,0.78
0.7,0.1,0.5,0.5,0.6,0.7,0.6,28.08,14.88,10.96,0.75
0.6,0.2,0.5,0.5,0.6,0.7,0.6,29.16,15.33,11.01,0.74
0.6,0.1,0.5,0.5,0.5,0.7,0.6,28.439999999999998,14.34,10.91,0.78
0.6,0.1,0.5,0.5,0.7,0.7,0.6,27.72,14.46,10.79,0.76
0.6,0.1,0.5,0.5,0.6,0.6,0.6,27.0,14.19,10.58,0.76
0.6,0.1,0.5,0.5,0.6,0.8,0.6,27.72,14.38,10.65,0.76
0.6,0.1,0.5,0.5,0.6,0.7,0.7,27.36,14.94,10.77,0.73
0.6,0.1,0.6,0.4,0.6,0.7,0.6,24.84,12.91,11.16,0.86
0.6,0.1,0.4,0.4,0.6,0.7,0.6,28.439999999999998,14.75,10.9,0.75
0.6,0.1,0.5,0.3,0.6,0.7,0.6,25.2,12.3,10.98,0.89
0.5,0.1,0.5,0.4,0.6,0.7,0.6,26.64,13.85,11.17,0.82
0.7,0.1,0.5,0.4,0.6,0.7,0.6,26.279999999999998,13.69,11.15,0.83
0.6,0.2,0.5,0.4,0.6,0.7,0.6,28.08,14.29,11.38,0.81
0.6,0.1,0.5,0.4,0.5,0.7,0.6,26.64,13.79,11.2,0.82
0.6,0.1,0.5,0.4,0.7,0.7,0.6,27.0,13.29,10.9,0.83
0.6,0.1,0.5,0.4,0.6,0.6,0.6,25.2,13.28,10.91,0.82
0.6,0.1,0.5,0.4,0.6,0.8,0.6,27.0,13.89,11.29,0.82
0.6,0.1,0.5,0.4,0.6,0.7,0.5,26.64,13.1,10.78,0.84
0.6,0.1,0.5,0.4,0.6,0.7,0.7,24.119999999999997,13.07,10.5,0.81
0.6,0.1,0.6,0.3,0.6,0.7,0.6,23.04,11.13,10.73,0.95
0.6,0.1,0.4,0.3,0.6,0.7,0.6,25.56,12.99,10.99,0.84
0.6,0.1,0.5,0.2,0.6,0.7,0.6,20.88,10.41,10.71,1.01
0.5,0.1,0.5,0.3,0.6,0.7,0.6,23.4,12.24,10.93,0.89
0.7,0.1,0.5,0.3,0.6,0.7,0.6,25.2,12.3,10.98,0.89
0.6,0.2,0.5,0.3,0.6,0.7,0.6,23.4,12.09,10.91,0.9
0.6,0.1,0.5,0.3,0.5,0.7,0.6,23.4,12.32,10.97,0.89
0.6,0.1,0.5,0.3,0.7,0.7,0.6,22.68,11.89,10.66,0.9
0.6,0.1,0.5,0.3,0.6,0.6,0.6,23.4,12.02,10.96,0.9
0.6,0.1,0.5,0.3,0.6,0.8,0.6,23.4,12.34,11.01,0.89
0.6,0.1,0.5,0.3,0.6,0.7,0.5,24.48,11.36,10.62,0.93
0.6,0.1,0.5,0.3,0.6,0.7,0.7,22.68,12.0,10.57,0.88
0.6,0.1,0.6,0.2,0.6,0.7,0.6,20.88,9.95,10.88,1.07
0.6,0.1,0.4,0.2,0.6,0.7,0.6,21.96,10.99,10.73,0.96
0.6,0.1,0.5,0.1,0.6,0.7,0.6,19.8,9.06,10.71,1.15
0.5,0.1,0.5,0.2,0.6,0.7,0.6,20.88,10.55,10.77,1.0
0.7,0.1,0.5,0.2,0.6,0.7,0.6,20.88,10.41,10.71,1.01
0.6,0.2,0.5,0.2,0.6,0.7,0.6,21.24,10.36,10.72,1.01
0.6,0.1,0.5,0.2,0.5,0.7,0.6,21.96,11.1,11.21,1.0
0.6,0.1,0.5,0.2,0.7,0.7,0.6,21.24,10.62,10.87,1.0
0.6,0.1,0.5,0.2,0.6,0.6,0.6,20.52,10.26,10.61,1.01
0.6,0.1,0.5,0.2,0.6,0.8,0.6,22.32,10.62,10.94,1.02
0.6,0.1,0.5,0.2,0.6,0.7,0.5,21.599999999999998,10.15,10.74,1.03
0.6,0.1,0.5,0.2,0.6,0.7,0.7,20.52,10.3,10.55,1.0
0.6,0.1,0.6,0.1,0.6,0.7,0.6,19.08,8.97,10.87,1.18
0.6,0.1,0.4,0.1,0.6,0.7,0.6,20.16,9.45,10.83,1.12
0.5,0.1,0.5,0.1,0.6,0.7,0.6,20.16,9.1,10.76,1.15
0.7,0.1,0.5,0.1,0.6,0.7,0.6,19.8,9.06,10.71,1.15
0.6,0.2,0.5,0.1,0.6,0.7,0.6,20.16,9.02,10.69,1.15
0.6,0.1,0.5,0.1,0.5,0.7,0.6,20.88,9.13,10.78,1.15
0.6,0.1,0.5,0.1,0.7,0.7,0.6,19.08,8.83,10.57,1.15
0.6,0.1,0.5,0.1,0.6,0.6,0.6,19.439999999999998,8.96,10.71,1.16
0.6,0.1,0.5,0.1,0.6,0.8,0.6,19.8,9.12,10.7,1.14
0.6,0.1,0.5,0.1,0.6,0.7,0.5,20.88,9.51,11.09,1.14
0.6,0.1,0.5,0.1,0.6,0.7,0.7,18.36,8.67,10.28,1.15
0.6,0.1,0.6,0.1,0.6,0.7,0.7,18.36,8.48,10.28,1.18
0.6,0.1,0.4,0.1,0.6,0.7,0.7,19.08,9.04,10.39,1.11
0.5,0.1,0.5,0.1,0.6,0.7,0.7,19.08,8.9,10.43,1.14
0.7,0.1,0.5,0.1,0.6,0.7,0.7,18.36,8.67,10.28,1.15
0.6,0.2,0.5,0.1,0.6,0.7,0.7,19.08,8.93,10.52,1.14
0.6,0.1,0.5,0.1,0.5,0.7,0.7,19.08,8.68,10.27,1.15
0.6,0.1,0.5,0.1,0.7,0.7,0.7,18.36,8.69,10.33,1.15
0.6,0.1,0.5,0.1,0.6,0.6,0.7,18.72,8.66,10.26,1.15
0.6,0.1,0.5,0.1,0.6,0.8,0.7,19.08,8.68,10.27,1.15
0.6,0.1,0.6,0.1,0.7,0.7,0.7,18.36,8.51,10.25,1.17
0.6,0.1,0.4,0.1,0.7,0.7,0.7,18.72,8.94,10.24,1.11
0.6,0.1,0.5,0.2,0.7,0.7,0.7,20.52,10.48,10.53,0.99
0.5,0.1,0.5,0.1,0.7,0.7,0.7,18.72,8.66,10.26,1.15
0.7,0.1,0.5,0.1,0.7,0.7,0.7,18.36,8.69,10.33,1.15
0.6,0.2,0.5,0.1,0.7,0.7,0.7,18.0,8.6,10.18,1.15
0.6,0.1,0.5,0.1,0.8,0.7,0.7,19.08,8.74,10.32,1.14
0.6,0.1,0.5,0.1,0.7,0.6,0.7,19.08,8.74,10.32,1.14
0.6,0.1,0.5,0.1,0.7,0.8,0.7,18.36,8.67,10.28,1.15
0.6,0.2,0.6,0.1,0.7,0.7,0.7,18.36,8.55,10.34,1.17
0.6,0.2,0.4,0.1,0.7,0.7,0.7,19.08,8.94,10.2,1.11
0.6,0.2,0.5,0.2,0.7,0.7,0.7,20.16,10.27,10.4,0.99
0.5,0.2,0.5,0.1,0.7,0.7,0.7,19.8,8.76,10.3,1.14
0.7,0.2,0.5,0.1,0.7,0.7,0.7,18.72,8.66,10.26,1.15
0.6,0.3,0.5,0.1,0.7,0.7,0.7,18.0,8.62,10.21,1.14
0.6,0.2,0.5,0.1,0.8,0.7,0.7,19.08,8.74,10.32,1.14
0.6,0.2,0.5,0.1,0.7,0.6,0.7,19.08,8.74,10.32,1.14
0.6,0.2,0.5,0.1,0.7,0.8,0.7,19.08,8.93,10.52,1.14
0.6,0.2,0.5,0.1,0.7,0.7,0.6,18.72,9.09,10.66,1.14
0.6,0.3,0.6,0.1,0.7,0.7,0.7,18.0,8.51,10.3,1.18
0.6,0.3,0.4,0.1,0.7,0.7,0.7,18.36,8.88,10.18,1.11
0.6,0.3,0.5,0.2,0.7,0.7,0.7,20.88,10.34,10.54,1.0
0.5,0.3,0.5,0.1,0.7,0.7,0.7,18.0,8.62,10.21,1.14
0.7,0.3,0.5,0.1,0.7,0.7,0.7,18.72,8.75,10.27,1.14
0.6,0.4,0.5,0.1,0.7,0.7,0.7,18.0,8.62,10.21,1.14
0.6,0.3,0.5,0.1,0.6,0.7,0.7,18.72,8.88,10.42,1.14
0.6,0.3,0.5,0.1,0.8,0.7,0.7,19.08,8.75,10.29,1.14
0.6,0.3,0.5,0.1,0.7,0.6,0.7,19.08,8.75,10.29,1.14
0.6,0.3,0.5,0.1,0.7,0.8,0.7,19.08,8.99,10.56,1.14
0.6,0.3,0.5,0.1,0.7,0.7,0.6,19.08,8.97,10.59,1.15
0.5,0.3,0.6,0.1,0.7,0.7,0.7,18.0,8.51,10.3,1.18
0.5,0.3,0.4,0.1,0.7,0.7,0.7,18.36,8.88,10.18,1.11
0.5,0.3,0.5,0.2,0.7,0.7,0.7,20.88,10.34,10.54,1.0
0.4,0.3,0.5,0.1,0.7,0.7,0.7,18.0,8.62,10.2,1.14
0.5,0.4,0.5,0.1,0.7,0.7,0.7,18.0,8.62,10.2,1.14
0.5,0.3,0.5,0.1,0.6,0.7,0.7,18.0,8.75,10.28,1.14
0.5,0.3,0.5,0.1,0.8,0.7,0.7,19.08,8.75,10.29,1.14
0.5,0.3,0.5,0.1,0.7,0.6,0.7,19.08,8.75,10.29,1.14
0.5,0.3,0.5,0.1,0.7,0.8,0.7,19.08,8.91,10.39,1.14
0.5,0.3,0.5,0.1,0.7,0.7,0.6,19.439999999999998,9.06,10.73,1.14
0.5,0.3,0.7,0.1,0.7,0.7,0.7,18.36,8.31,10.26,1.2
0.5,0.3,0.6,0.2,0.7,0.7,0.7,20.16,9.28,10.21,1.07
0.4,0.3,0.6,0.1,0.7,0.7,0.7,18.0,8.51,10.3,1.18
0.5,0.2,0.6,0.1,0.7,0.7,0.7,19.439999999999998,8.59,10.39,1.18
0.5,0.4,0.6,0.1,0.7,0.7,0.7,18.36,8.55,10.3,1.17
0.5,0.3,0.6,0.1,0.6,0.7,0.7,18.36,8.41,10.21,1.18
0.5,0.3,0.6,0.1,0.8,0.7,0.7,19.439999999999998,8.54,10.27,1.17
0.5,0.3,0.6,0.1,0.7,0.6,0.7,19.439999999999998,8.54,10.27,1.17
0.5,0.3,0.6,0.1,0.7,0.8,0.7,18.72,8.42,10.22,1.17
0.5,0.3,0.6,0.1,0.7,0.7,0.6,19.439999999999998,8.82,10.75,1.19
0.5,0.3,0.8,0.1,0.7,0.7,0.7,18.0,8.28,10.29,1.2
0.5,0.3,0.7,0.2,0.7,0.7,0.7,19.08,9.51,10.6,1.09
0.6,0.3,0.7,0.1,0.7,0.7,0.7,18.36,8.31,10.26,1.2
0.4,0.3,0.7,0.1,0.7,0.7,0.7,18.36,8.32,10.26,1.2
0.5,0.2,0.7,0.1,0.7,0.7,0.7,18.0,8.21,10.13,1.2
0.5,0.4,0.7,0.1,0.7,0.7,0.7,18.36,8.32,10.26,1.2
0.5,0.3,0.7,0.1,0.6,0.7,0.7,18.36,8.51,10.43,1.19
0.5,0.3,0.7,0.1,0.8,0.7,0.7,18.0,8.3,10.22,1.19
0.5,0.3,0.7,0.1,0.7,0.6,0.7,17.64,8.33,10.26,1.2
0.5,0.3,0.7,0.1,0.7,0.8,0.7,18.36,8.52,10.43,1.19
0.5,0.3,0.7,0.1,0.7,0.7,0.6,19.439999999999998,8.69,10.75,1.19
0.5,0.3,0.8,0.1,0.6,0.7,0.7,18.72,8.65,10.65,1.2
0.5,0.3,0.7,0.2,0.6,0.7,0.7,19.439999999999998,9.19,10.37,1.1
0.6,0.3,0.7,0.1,0.6,0.7,0.7,18.72,8.53,10.43,1.19
0.4,0.3,0.7,0.1,0.6,0.7,0.7,18.0,8.46,10.36,1.19
0.5,0.2,0.7,0.1,0.6,0.7,0.7,18.36,8.56,10.47,1.19
0.5,0.4,0.7,0.1,0.6,0.7,0.7,18.0,8.56,10.45,1.19
0.5,0.3,0.7,0.1,0.5,0.7,0.7,18.36,8.46,10.36,1.19
0.5,0.3,0.7,0.1,0.6,0.6,0.7,18.36,8.31,10.26,1.2
0.5,0.3,0.7,0.1,0.6,0.8,0.7,18.36,8.46,10.36,1.19
0.5,0.3,0.7,0.1,0.6,0.7,0.6,20.88,9.08,11.11,1.19
0.5,0.3,0.9,0.1,0.6,0.7,0.7,18.0,8.27,10.33,1.21
0.5,0.3,0.8,0.2,0.6,0.7,0.7,20.16,9.04,10.41,1.13
0.6,0.3,0.8,0.1,0.6,0.7,0.7,18.36,8.37,10.4,1.21
0.4,0.3,0.8,0.1,0.6,0.7,0.7,19.08,8.54,10.51,1.2
0.5,0.2,0.8,0.1,0.6,0.7,0.7,18.72,8.32,10.34,1.2
0.5,0.4,0.8,0.1,0.6,0.7,0.7,19.08,8.54,10.51,1.2
0.5,0.3,0.8,0.1,0.5,0.7,0.7,18.72,8.45,10.47,1.21
0.5,0.3,0.8,0.1,0.6,0.6,0.7,18.0,8.28,10.29,1.2
0.5,0.3,0.8,0.1,0.6,0.8,0.7,18.72,8.45,10.47,1.21
0.5,0.3,0.8,0.1,0.6,0.7,0.6,18.36,8.51,10.53,1.2
0.5,0.3,1.0,0.1,0.6,0.7,0.7,18.36,8.12,10.31,1.23
0.5,0.3,0.9,0.2,0.6,0.7,0.7,19.08,9.0,10.43,1.13
0.6,0.3,0.9,0.1,0.6,0.7,0.7,18.72,8.31,10.33,1.21
0.4,0.3,0.9,0.1,0.6,0.7,0.7,18.36,8.08,10.16,1.22
0.5,0.2,0.9,0.1,0.6,0.7,0.7,19.439999999999998,8.43,10.46,1.21
0.5,0.4,0.9,0.1,0.6,0.7,0.7,18.36,8.08,10.16,1.22
0.8,0.7,0.8,0.9,0.7,0.5,0.7,39.96,15.92,10.35,0.7
0.8,0.7,0.7,0.9,0.7,0.5,0.7,39.6,16.64,10.53,0.69
0.4,0.9,0.6,0.3,0.7,0.2,0.3,31.32,13.38,13.81,1.03
0.9,0.3,0.4,0.8,0.4,1.0,0.5,38.879999999999995,16.24,10.87,0.74
