1,0,1
2,1,1
3,1,2
4,1,3
5,2,3
6,3,3
7,3,4
8,3,5
9,4,5
10,5,5
11,5,6
12,5,7
13,5,8
14,5,9
15,6,9
16,6,10
17,6,11
18,6,12
19,6,13
20,7,13
21,7,14
22,7,15
23,8,15
24,8,16
25,8,17
26,8,18
27,9,18
28,10,18
29,10,19
30,11,19
31,12,19
32,12,20
33,13,20
34,13,21
35,14,21
36,14,22
37,14,23
38,14,24
39,14,25
40,14,26
41,15,26
42,15,27
43,15,28
44,15,29
45,15,30
46,15,31
47,16,31
48,16,32
49,16,33
50,16,34
51,16,35
52,16,36
53,16,37
54,16,38
55,16,39
56,16,40
57,17,40
58,18,40
59,18,41
60,18,42
61,19,42
62,19,43
63,19,44
64,20,44
65,21,44
66,21,45
67,21,46
68,21,47
69,21,48
70,22,48
71,22,49
72,22,50
73,22,51
74,23,51
75,23,52
76,23,53
77,23,54
78,23,55
79,23,56
80,23,57
81,23,58
82,24,58
83,25,58
84,26,58
85,27,58
86,27,59
87,28,59
88,28,60
89,28,61
90,29,61
91,29,62
92,29,63
93,29,64
94,29,65
95,29,66
96,30,66
97,30,67
98,30,68
99,31,68
100,32,68
101,33,68
102,33,69
103,34,69
104,34,70
105,34,71
106,35,71
107,35,72
108,36,72
109,36,73
110,36,74
111,36,75
112,36,76
113,36,77
114,37,77
115,37,78
116,37,79
117,38,79
118,38,80
119,38,81
120,39,81
121,39,82
122,39,83
123,39,84
124,39,85
125,39,86
126,39,87
127,39,88
128,39,89
129,40,89
130,40,90
131,40,91
132,40,92
133,40,93
134,41,93
135,41,94
136,42,94
137,42,95
138,42,96
139,42,97
140,42,98
141,43,98
142,43,99
143,43,100
144,44,100
145,45,100
146,45,101
147,45,102
148,45,103
149,45,104
150,45,105
151,46,105
152,47,105
153,48,105
154,49,105
155,49,106
156,49,107
157,50,107
158,51,107
159,51,108
160,51,109
161,51,110
162,52,110
163,53,110
164,53,111
165,53,112
166,53,113
167,53,114
168,53,115
169,53,116
170,53,117
171,54,117
172,55,117
173,56,117
174,56,118
175,56,119
176,56,120
177,57,120
178,58,120
179,59,120
180,59,121
181,59,122
182,60,122
183,61,122
184,61,123
185,62,123
186,62,124
187,62,125
188,62,126
189,63,126
190,63,127
191,63,128
192,63,129
193,64,129
194,65,129
195,65,130
196,66,130
197,66,131
198,66,132
199,67,132
200,68,132
201,68,133
202,69,133
203,69,134
204,69,135
205,70,135
206,70,136
207,71,136
208,71,137
209,71,138
210,71,139
211,72,139
212,72,140
213,72,141
214,72,142
215,72,143
216,72,144
217,72,145
218,72,146
219,72,147
220,73,147
221,73,148
222,74,148
223,75,148
224,75,149
225,76,149
226,76,150
227,76,151
228,77,151
229,77,152
230,77,153
231,77,154
232,77,155
233,77,156
234,77,157
235,77,158
236,78,158
237,78,159
238,78,160
239,79,160
240,79,161
241,79,162
242,79,163
243,79,164
244,79,165
245,79,166
246,80,166
247,80,167
248,80,168
249,80,169
250,80,170
251,80,171
252,81,171
253,82,171
254,82,172
255,82,173
256,83,173
257,83,174
258,84,174
259,84,175
260,85,175
261,86,175
262,87,175
263,87,176
264,87,177
265,88,177
266,89,177
267,89,178
268,89,179
269,89,180
270,89,181
271,89,182
272,89,183
273,90,183
274,90,184
275,90,185
276,90,186
277,90,187
278,90,188
279,90,189
280,90,190
281,90,191
282,90,192
283,91,192
284,91,193
285,91,194
286,92,194
287,93,194
288,94,194
289,94,195
290,94,196
291,95,196
292,96,196
293,97,196
294,98,196
295,99,196
296,99,197
297,100,197
298,100,198
299,100,199
300,100,200
301,101,200
302,102,200
303,103,200
304,104,200
305,104,201
306,104,202
307,105,202
308,105,203
309,105,204
310,105,205
311,105,206
312,105,207
313,105,208
314,105,209
315,105,210
316,105,211
317,105,212
318,105,213
319,105,214
320,106,214
321,106,215
322,107,215
323,107,216
324,107,217
325,107,218
326,108,218
327,108,219
328,108,220
329,109,220
330,109,221
331,109,222
332,109,223
333,109,224
334,109,225
335,110,225
336,111,225
337,111,226
338,111,227
339,112,227
340,112,228
341,112,229
342,112,230
343,112,231
344,112,232
345,112,233
346,112,234
347,113,234
348,114,234
349,115,234
350,116,234
351,116,235
352,117,235
353,118,235
354,118,236
355,118,237
356,118,238
357,119,238
358,119,239
359,119,240
360,120,240
361,121,240
362,121,241
363,121,242
364,122,242
365,123,242
366,123,243
367,123,244
368,123,245
369,123,246
370,123,247
371,123,248
372,124,248
373,124,249
374,124,250
375,124,251
376,124,252
377,125,252
378,126,252
379,126,253
380,127,253
381,127,254
382,127,255
383,128,255
384,128,256
385,128,257
386,128,258
387,128,259
388,128,260
389,129,260
390,129,261
391,130,261
392,130,262
393,131,262
394,131,263
395,132,263
396,133,263
397,133,264
398,133,265
399,133,266
400,134,266
401,134,267
402,135,267
403,135,268
404,136,268
405,137,268
406,137,269
407,137,270
408,138,270
409,139,270
410,140,270
411,140,271
412,140,272
413,140,273
414,140,274
415,140,275
416,140,276
417,141,276
418,142,276
419,142,277
420,142,278
421,143,278
422,144,278
423,144,279
424,145,279
425,146,279
426,146,280
427,146,281
428,146,282
429,146,283
430,146,284
431,146,285
432,147,285
433,147,286
434,148,286
435,149,286
436,150,286
437,150,287
438,151,287
439,151,288
440,151,289
441,151,290
442,151,291
443,151,292
444,151,293
445,151,294
446,151,295
447,151,296
448,152,296
449,152,297
450,152,298
451,153,298
452,153,299
453,153,300
454,153,301
455,153,302
456,153,303
457,153,304
458,154,304
459,154,305
460,155,305
461,155,306
462,155,307
463,156,307
464,156,308
465,156,309
466,157,309
467,158,309
468,159,309
469,159,310
470,159,311
471,159,312
472,159,313
473,159,314
474,159,315
475,159,316
476,160,316
477,160,317
478,160,318
479,161,318
480,161,319
481,161,320
482,162,320
483,162,321
484,162,322
485,163,322
486,163,323
487,163,324
488,164,324
489,164,325
490,164,326
491,165,326
492,166,326
493,166,327
494,166,328
495,166,329
496,166,330
497,166,331
498,166,332
499,166,333
500,166,334
