1,0,1
2,0,2
3,0,3
4,0,4
5,0,5
6,0,6
7,0,7
8,0,8
9,1,8
10,1,9
11,1,10
12,1,11
13,1,12
14,1,13
15,2,13
16,3,13
17,3,14
18,3,15
19,3,16
20,3,17
21,3,18
22,3,19
23,3,20
24,3,21
25,3,22
26,3,23
27,4,23
28,5,23
29,5,24
30,5,25
31,6,25
32,7,25
33,7,26
34,7,27
35,7,28
36,7,29
37,7,30
38,7,31
39,7,32
40,8,32
41,8,33
42,8,34
43,9,34
44,9,35
45,9,36
46,9,37
47,10,37
48,11,37
49,11,38
50,12,38
51,12,39
52,12,40
53,12,41
54,13,41
55,13,42
56,13,43
57,14,43
58,15,43
59,16,43
60,16,44
61,16,45
62,16,46
63,16,47
64,17,47
65,17,48
66,17,49
67,18,49
68,18,50
69,18,51
70,18,52
71,19,52
72,20,52
73,21,52
74,21,53
75,21,54
76,21,55
77,21,56
78,21,57
79,22,57
80,22,58
81,22,59
82,22,60
83,22,61
84,22,62
85,23,62
86,24,62
87,24,63
88,24,64
89,24,65
90,24,66
91,24,67
92,25,67
93,25,68
94,25,69
95,25,70
96,26,70
97,26,71
98,27,71
99,27,72
100,28,72
101,28,73
102,28,74
103,28,75
104,28,76
105,28,77
106,28,78
107,28,79
108,28,80
109,28,81
110,28,82
111,28,83
112,28,84
113,28,85
114,28,86
115,29,86
116,29,87
117,30,87
118,30,88
119,31,88
120,31,89
121,31,90
122,31,91
123,31,92
124,31,93
125,31,94
126,31,95
127,31,96
128,31,97
129,31,98
130,32,98
131,32,99
132,32,100
133,33,100
134,33,101
135,33,102
136,34,102
137,35,102
138,35,103
139,35,104
140,36,104
141,36,105
142,36,106
143,36,107
144,36,108
145,36,109
146,36,110
147,36,111
148,36,112
149,37,112
150,37,113
151,37,114
152,38,114
153,39,114
154,39,115
155,40,115
156,40,116
157,41,116
158,42,116
159,42,117
160,42,118
161,42,119
162,42,120
163,43,120
164,43,121
165,43,122
166,43,123
167,44,123
168,44,124
169,44,125
170,44,126
171,44,127
172,44,128
173,45,128
174,46,128
175,46,129
176,46,130
177,46,131
178,46,132
179,46,133
180,46,134
181,46,135
182,47,135
183,47,136
184,47,137
185,48,137
186,49,137
187,49,138
188,50,138
189,50,139
190,51,139
191,51,140
192,52,140
193,52,141
194,52,142
195,52,143
196,53,143
197,53,144
198,53,145
199,53,146
200,53,147
201,53,148
202,53,149
203,53,150
204,53,151
205,53,152
206,54,152
207,54,153
208,55,153
209,55,154
210,55,155
211,56,155
212,56,156
213,56,157
214,56,158
215,56,159
216,56,160
217,56,161
218,56,162
219,56,163
220,56,164
221,56,165
222,56,166
223,56,167
224,57,167
225,57,168
226,58,168
227,59,168
228,59,169
229,59,170
230,60,170
231,61,170
232,61,171
233,61,172
234,62,172
235,62,173
236,63,173
237,63,174
238,64,174
239,64,175
240,64,176
241,64,177
242,64,178
243,64,179
244,64,180
245,64,181
246,64,182
247,64,183
248,64,184
249,64,185
250,64,186
251,64,187
252,64,188
253,64,189
254,65,189
255,65,190
256,65,191
257,65,192
258,65,193
259,66,193
260,66,194
261,66,195
262,66,196
263,66,197
264,67,197
265,68,197
266,68,198
267,68,199
268,68,200
269,68,201
270,68,202
271,68,203
272,68,204
273,68,205
274,68,206
275,69,206
276,69,207
277,69,208
278,69,209
279,70,209
280,70,210
281,70,211
282,70,212
283,70,213
284,71,213
285,71,214
286,71,215
287,71,216
288,72,216
289,72,217
290,72,218
291,72,219
292,72,220
293,72,221
294,72,222
295,72,223
296,73,223
297,73,224
298,73,225
299,73,226
300,74,226
301,74,227
302,74,228
303,74,229
304,75,229
305,76,229
306,76,230
307,76,231
308,76,232
309,76,233
310,76,234
311,77,234
312,78,234
313,78,235
314,78,236
315,79,236
316,80,236
317,81,236
318,81,237
319,81,238
320,82,238
321,82,239
322,82,240
323,82,241
324,82,242
325,82,243
326,82,244
327,83,244
328,83,245
329,84,245
330,84,246
331,85,246
332,85,247
333,85,248
334,85,249
335,85,250
336,85,251
337,85,252
338,85,253
339,85,254
340,85,255
341,85,256
342,85,257
343,85,258
344,85,259
345,85,260
346,86,260
347,86,261
348,87,261
349,87,262
350,88,262
351,88,263
352,88,264
353,89,264
354,89,265
355,89,266
356,89,267
357,89,268
358,89,269
359,89,270
360,89,271
361,89,272
362,89,273
363,89,274
364,89,275
365,89,276
366,89,277
367,89,278
368,89,279
369,89,280
370,90,280
371,90,281
372,90,282
373,91,282
374,91,283
375,92,283
376,92,284
377,92,285
378,92,286
379,92,287
380,92,288
381,92,289
382,93,289
383,94,289
384,94,290
385,94,291
386,95,291
387,95,292
388,95,293
389,95,294
390,95,295
391,95,296
392,95,297
393,95,298
394,96,298
395,96,299
396,97,299
397,97,300
398,97,301
399,97,302
400,98,302
401,98,303
402,98,304
403,98,305
404,98,306
405,98,307
406,98,308
407,98,309
408,99,309
409,99,310
410,100,310
411,100,311
412,100,312
413,101,312
414,102,312
415,102,313
416,103,313
417,103,314
418,103,315
419,104,315
420,104,316
421,104,317
422,104,318
423,105,318
424,105,319
425,105,320
426,105,321
427,105,322
428,105,323
429,105,324
430,105,325
431,105,326
432,105,327
433,105,328
434,105,329
435,105,330
436,106,330
437,106,331
438,106,332
439,107,332
440,108,332
441,108,333
442,109,333
443,109,334
444,110,334
445,110,335
446,111,335
447,111,336
448,112,336
449,112,337
450,113,337
451,113,338
452,113,339
453,114,339
454,114,340
455,114,341
456,114,342
457,114,343
458,114,344
459,114,345
460,114,346
461,114,347
462,115,347
463,115,348
464,115,349
465,115,350
466,115,351
467,115,352
468,115,353
469,115,354
470,115,355
471,115,356
472,115,357
473,116,357
474,116,358
475,116,359
476,117,359
477,117,360
478,118,360
479,118,361
480,119,361
481,119,362
482,120,362
483,121,362
484,121,363
485,121,364
486,122,364
487,122,365
488,122,366
489,122,367
490,122,368
491,122,369
492,122,370
493,122,371
494,123,371
495,123,372
496,124,372
497,124,373
498,124,374
499,125,374
500,126,374
501,126,375
502,126,376
503,126,377
504,126,378
505,126,379
506,126,380
507,126,381
508,126,382
509,126,383
510,126,384
511,126,385
512,127,385
513,127,386
514,127,387
515,127,388
516,127,389
517,127,390
518,128,390
519,128,391
520,128,392
521,128,393
522,128,394
523,128,395
524,128,396
525,128,397
526,128,398
527,128,399
528,128,400
529,129,400
530,130,400
531,130,401
532,130,402
533,130,403
534,130,404
535,131,404
536,131,405
537,132,405
538,132,406
539,132,407
540,132,408
541,133,408
542,133,409
543,133,410
544,133,411
545,133,412
546,133,413
547,133,414
548,133,415
549,133,416
550,133,417
551,134,417
552,134,418
553,134,419
554,134,420
555,134,421
556,134,422
557,134,423
558,134,424
559,134,425
560,135,425
561,136,425
562,136,426
563,136,427
564,136,428
565,136,429
566,136,430
567,136,431
568,136,432
569,136,433
570,136,434
571,137,434
572,137,435
573,137,436
574,137,437
575,137,438
576,137,439
577,137,440
578,137,441
579,138,441
580,139,441
581,139,442
582,140,442
583,141,442
584,142,442
585,142,443
586,142,444
587,142,445
588,142,446
589,142,447
590,143,447
591,143,448
592,143,449
593,143,450
594,143,451
595,143,452
596,143,453
597,143,454
598,143,455
599,143,456
600,143,457
601,143,458
602,143,459
603,144,459
604,144,460
605,144,461
606,145,461
607,145,462
608,145,463
609,145,464
610,145,465
611,145,466
612,146,466
613,147,466
614,147,467
615,147,468
616,147,469
617,148,469
618,148,470
619,149,470
620,149,471
621,149,472
622,149,473
623,149,474
624,149,475
625,149,476
626,149,477
627,149,478
628,149,479
629,149,480
630,149,481
631,149,482
632,149,483
633,149,484
634,149,485
635,149,486
636,149,487
637,149,488
638,149,489
639,149,490
640,149,491
641,150,491
642,150,492
643,150,493
644,151,493
645,151,494
646,151,495
647,151,496
648,151,497
649,151,498
650,151,499
651,152,499
652,153,499
653,154,499
654,154,500
655,154,501
656,154,502
657,154,503
658,155,503
659,156,503
660,156,504
661,156,505
662,156,506
663,156,507
664,156,508
665,156,509
666,156,510
667,157,510
668,158,510
669,158,511
670,158,512
671,159,512
672,159,513
673,159,514
674,160,514
675,160,515
676,160,516
677,161,516
678,162,516
679,162,517
680,162,518
681,162,519
682,163,519
683,163,520
684,163,521
685,163,522
686,163,523
687,163,524
688,164,524
689,165,524
690,165,525
691,165,526
692,165,527
693,166,527
694,167,527
695,167,528
696,168,528
697,169,528
698,169,529
699,169,530
700,169,531
701,169,532
702,169,533
703,169,534
704,169,535
705,169,536
706,169,537
707,169,538
708,170,538
709,170,539
710,170,540
711,171,540
712,171,541
713,171,542
714,172,542
715,172,543
716,172,544
717,172,545
718,172,546
719,172,547
720,172,548
721,172,549
722,172,550
723,173,550
724,173,551
725,173,552
726,174,552
727,174,553
728,175,553
729,175,554
730,176,554
731,176,555
732,176,556
733,177,556
734,178,556
735,178,557
736,178,558
737,178,559
738,178,560
739,178,561
740,178,562
741,178,563
742,178,564
743,178,565
744,179,565
745,179,566
746,179,567
747,180,567
748,180,568
749,180,569
750,180,570
751,180,571
752,181,571
753,181,572
754,181,573
755,181,574
756,181,575
757,182,575
758,182,576
759,182,577
760,182,578
761,183,578
762,183,579
763,183,580
764,184,580
765,185,580
766,185,581
767,185,582
768,185,583
769,186,583
770,186,584
771,186,585
772,186,586
773,186,587
774,186,588
775,186,589
776,187,589
777,187,590
778,187,591
779,187,592
780,187,593
781,188,593
782,188,594
783,188,595
784,188,596
785,188,597
786,188,598
787,188,599
788,188,600
789,189,600
790,189,601
791,189,602
792,189,603
793,189,604
794,189,605
795,189,606
796,189,607
797,189,608
798,190,608
799,191,608
800,192,608
801,192,609
802,192,610
803,193,610
804,194,610
805,194,611
806,195,611
807,195,612
808,196,612
809,196,613
810,196,614
811,197,614
812,197,615
813,197,616
814,197,617
815,197,618
816,197,619
817,197,620
818,197,621
819,197,622
820,197,623
821,197,624
822,197,625
823,197,626
824,197,627
825,197,628
826,197,629
827,198,629
828,199,629
829,199,630
830,199,631
831,200,631
832,201,631
833,201,632
834,201,633
835,201,634
836,201,635
837,202,635
838,202,636
839,202,637
840,202,638
841,202,639
842,202,640
843,203,640
844,203,641
845,204,641
846,204,642
847,204,643
848,204,644
849,204,645
850,205,645
851,205,646
852,205,647
853,205,648
854,205,649
855,205,650
856,205,651
857,206,651
858,206,652
859,207,652
860,208,652
861,208,653
862,208,654
863,209,654
864,209,655
865,209,656
866,209,657
867,209,658
868,209,659
869,210,659
870,210,660
871,211,660
872,211,661
873,211,662
874,212,662
875,212,663
876,213,663
877,214,663
878,214,664
879,214,665
880,214,666
881,214,667
882,214,668
883,214,669
884,214,670
885,214,671
886,214,672
887,214,673
888,214,674
889,215,674
890,215,675
891,215,676
892,216,676
893,216,677
894,216,678
895,216,679
896,216,680
897,217,680
898,217,681
899,217,682
900,217,683
901,217,684
902,218,684
903,218,685
904,218,686
905,219,686
906,219,687
907,219,688
908,219,689
909,219,690
910,220,690
911,220,691
912,220,692
913,220,693
914,220,694
915,221,694
916,221,695
917,221,696
918,221,697
919,221,698
920,221,699
921,221,700
922,221,701
923,221,702
924,221,703
925,221,704
926,221,705
927,222,705
928,222,706
929,222,707
930,222,708
931,223,708
932,223,709
933,223,710
934,223,711
935,223,712
936,223,713
937,223,714
938,223,715
939,223,716
940,223,717
941,224,717
942,224,718
943,224,719
944,224,720
945,224,721
946,224,722
947,224,723
948,224,724
949,225,724
950,226,724
951,226,725
952,227,725
953,227,726
954,227,727
955,227,728
956,227,729
957,228,729
958,228,730
959,229,730
960,229,731
961,230,731
962,231,731
963,231,732
964,232,732
965,232,733
966,233,733
967,233,734
968,234,734
969,235,734
970,235,735
971,235,736
972,235,737
973,235,738
974,236,738
975,237,738
976,237,739
977,237,740
978,237,741
979,237,742
980,237,743
981,238,743
982,238,744
983,238,745
984,238,746
985,238,747
986,238,748
987,238,749
988,238,750
989,238,751
990,238,752
991,238,753
992,238,754
993,238,755
994,238,756
995,238,757
996,238,758
997,238,759
998,238,760
999,238,761
1000,238,762
