1,0,1
2,0,2
3,0,3
4,1,3
5,1,4
6,2,4
7,2,5
8,3,5
9,3,6
10,3,7
11,3,8
12,4,8
13,4,9
14,4,10
15,5,10
16,5,11
17,6,11
18,7,11
19,8,11
20,8,12
21,8,13
22,8,14
23,8,15
24,8,16
25,8,17
26,8,18
27,9,18
28,9,19
29,9,20
30,10,20
31,10,21
32,11,21
33,12,21
34,13,21
35,14,21
36,14,22
37,14,23
38,14,24
39,15,24
40,16,24
41,16,25
42,16,26
43,17,26
44,17,27
45,18,27
46,18,28
47,18,29
48,18,30
49,19,30
50,20,30
51,20,31
52,20,32
53,20,33
54,21,33
55,21,34
56,22,34
57,22,35
58,23,35
59,24,35
60,25,35
61,25,36
62,26,36
63,26,37
64,26,38
65,26,39
66,27,39
67,27,40
68,27,41
69,28,41
70,28,42
71,29,42
72,29,43
73,30,43
74,30,44
75,31,44
76,31,45
77,31,46
78,32,46
79,32,47
80,33,47
81,33,48
82,34,48
83,34,49
84,35,49
85,35,50
86,35,51
87,35,52
88,36,52
89,36,53
90,36,54
91,37,54
92,37,55
93,38,55
94,39,55
95,39,56
96,39,57
97,39,58
98,39,59
99,39,60
100,39,61
101,39,62
102,40,62
103,40,63
104,40,64
105,40,65
106,40,66
107,40,67
108,40,68
109,41,68
110,42,68
111,43,68
112,43,69
113,44,69
114,45,69
115,45,70
116,46,70
117,47,70
118,48,70
119,48,71
120,48,72
121,48,73
122,49,73
123,49,74
124,49,75
125,49,76
126,50,76
127,51,76
128,51,77
129,51,78
130,52,78
131,53,78
132,53,79
133,54,79
134,55,79
135,55,80
136,56,80
137,57,80
138,57,81
139,57,82
140,57,83
141,57,84
142,58,84
143,58,85
144,59,85
145,59,86
146,60,86
147,60,87
148,60,88
149,61,88
150,61,89
151,61,90
152,62,90
153,63,90
154,64,90
155,64,91
156,64,92
157,64,93
158,65,93
159,65,94
160,65,95
161,66,95
162,66,96
163,66,97
164,67,97
165,68,97
166,69,97
167,70,97
168,70,98
169,70,99
170,71,99
171,72,99
172,73,99
173,73,100
174,73,101
175,73,102
176,73,103
177,73,104
178,74,104
179,75,104
180,76,104
181,77,104
182,78,104
183,78,105
184,78,106
185,79,106
186,80,106
187,81,106
188,81,107
189,81,108
190,82,108
191,83,108
192,83,109
193,83,110
194,84,110
195,84,111
196,85,111
197,85,112
198,85,113
199,85,114
200,86,114
201,87,114
202,87,115
203,88,115
204,89,115
205,90,115
206,91,115
207,92,115
208,92,116
209,92,117
210,92,118
211,93,118
212,93,119
213,93,120
214,94,120
215,94,121
216,95,121
217,96,121
218,97,121
219,97,122
220,97,123
221,98,123
222,98,124
223,99,124
224,99,125
225,99,126
226,100,126
227,101,126
228,101,127
229,101,128
230,102,128
231,102,129
232,102,130
233,103,130
234,103,131
235,103,132
236,104,132
237,104,133
238,104,134
239,104,135
240,104,136
241,105,136
242,106,136
243,106,137
244,107,137
245,107,138
246,107,139
247,107,140
248,108,140
249,108,141
250,109,141
251,109,142
252,110,142
253,110,143
254,110,144
255,110,145
256,111,145
257,112,145
258,112,146
259,113,146
260,114,146
261,114,147
262,115,147
263,116,147
264,117,147
265,117,148
266,117,149
267,118,149
268,118,150
269,119,150
270,119,151
271,119,152
272,120,152
273,120,153
274,120,154
275,120,155
276,120,156
277,120,157
278,120,158
279,120,159
280,121,159
281,121,160
282,122,160
283,122,161
284,122,162
285,123,162
286,124,162
287,125,162
288,125,163
289,126,163
290,126,164
291,127,164
292,127,165
293,128,165
294,129,165
295,129,166
296,130,166
297,130,167
298,131,167
299,131,168
300,131,169
301,132,169
302,133,169
303,133,170
304,133,171
305,134,171
306,134,172
307,135,172
308,136,172
309,136,173
310,136,174
311,137,174
312,137,175
313,137,176
314,137,177
315,137,178
316,137,179
317,137,180
318,138,180
319,139,180
320,139,181
321,140,181
322,141,181
323,142,181
324,143,181
325,144,181
326,144,182
327,145,182
328,145,183
329,145,184
330,145,185
331,146,185
332,146,186
333,146,187
334,146,188
335,146,189
336,146,190
337,146,191
338,146,192
339,146,193
340,147,193
341,148,193
342,149,193
343,149,194
344,150,194
345,151,194
346,151,195
347,152,195
348,153,195
349,153,196
350,154,196
351,154,197
352,155,197
353,155,198
354,155,199
355,155,200
356,156,200
357,157,200
358,157,201
359,157,202
360,158,202
361,159,202
362,159,203
363,160,203
364,160,204
365,161,204
366,162,204
367,162,205
368,163,205
369,163,206
370,163,207
371,163,208
372,164,208
373,164,209
374,165,209
375,165,210
376,166,210
377,167,210
378,167,211
379,168,211
380,169,211
381,170,211
382,170,212
383,170,213
384,170,214
385,170,215
386,170,216
387,170,217
388,170,218
389,171,218
390,172,218
391,172,219
392,173,219
393,173,220
394,174,220
395,175,220
396,176,220
397,176,221
398,176,222
399,176,223
400,177,223
401,177,224
402,177,225
403,178,225
404,178,226
405,179,226
406,179,227
407,180,227
408,180,228
409,181,228
410,181,229
411,182,229
412,182,230
413,182,231
414,183,231
415,184,231
416,184,232
417,185,232
418,186,232
419,187,232
420,188,232
421,189,232
422,189,233
423,190,233
424,190,234
425,191,234
426,192,234
427,192,235
428,193,235
429,193,236
430,193,237
431,194,237
432,194,238
433,194,239
434,195,239
435,195,240
436,195,241
437,195,242
438,196,242
439,196,243
440,196,244
441,196,245
442,196,246
443,197,246
444,197,247
445,197,248
446,197,249
447,197,250
448,198,250
449,198,251
450,198,252
451,199,252
452,200,252
453,200,253
454,200,254
455,200,255
456,201,255
457,202,255
458,203,255
459,203,256
460,204,256
461,205,256
462,205,257
463,205,258
464,205,259
465,206,259
466,206,260
467,206,261
468,207,261
469,208,261
470,209,261
471,209,262
472,210,262
473,211,262
474,212,262
475,213,262
476,214,262
477,215,262
478,216,262
479,217,262
480,218,262
481,219,262
482,219,263
483,219,264
484,219,265
485,219,266
486,220,266
487,220,267
488,221,267
489,221,268
490,221,269
491,222,269
492,222,270
493,222,271
494,222,272
495,223,272
496,223,273
497,223,274
498,224,274
499,225,274
500,226,274
