1,0,1
2,1,1
3,1,2
4,1,3
5,1,4
6,2,4
7,2,5
8,3,5
9,3,6
10,4,6
11,5,6
12,5,7
13,5,8
14,6,8
15,6,9
16,6,10
17,6,11
18,7,11
19,7,12
20,8,12
21,8,13
22,8,14
23,8,15
24,9,15
25,9,16
26,9,17
27,9,18
28,9,19
29,10,19
30,10,20
31,10,21
32,10,22
33,10,23
34,10,24
35,10,25
36,10,26
37,10,27
38,10,28
39,11,28
40,11,29
41,11,30
42,11,31
43,12,31
44,13,31
45,14,31
46,15,31
47,15,32
48,15,33
49,16,33
50,16,34
51,17,34
52,17,35
53,17,36
54,18,36
55,18,37
56,18,38
57,18,39
58,18,40
59,18,41
60,19,41
61,19,42
62,19,43
63,19,44
64,19,45
65,19,46
66,19,47
67,19,48
68,19,49
69,19,50
70,19,51
71,20,51
72,21,51
73,21,52
74,21,53
75,22,53
76,22,54
77,23,54
78,23,55
79,23,56
80,23,57
81,23,58
82,23,59
83,23,60
84,23,61
85,24,61
86,25,61
87,25,62
88,25,63
89,26,63
90,26,64
91,27,64
92,27,65
93,28,65
94,29,65
95,29,66
96,30,66
97,30,67
98,30,68
99,30,69
100,30,70
101,30,71
102,31,71
103,31,72
104,31,73
105,31,74
106,31,75
107,32,75
108,32,76
109,32,77
110,32,78
111,32,79
112,32,80
113,32,81
114,32,82
115,33,82
116,33,83
117,33,84
118,33,85
119,33,86
120,34,86
121,34,87
122,34,88
123,34,89
124,35,89
125,36,89
126,36,90
127,36,91
128,37,91
129,37,92
130,37,93
131,37,94
132,37,95
133,37,96
134,37,97
135,37,98
136,38,98
137,38,99
138,39,99
139,39,100
140,39,101
141,39,102
142,40,102
143,41,102
144,41,103
145,42,103
146,43,103
147,44,103
148,44,104
149,44,105
150,45,105
151,45,106
152,46,106
153,46,107
154,46,108
155,46,109
156,46,110
157,46,111
158,46,112
159,46,113
160,46,114
161,46,115
162,46,116
163,46,117
164,47,117
165,48,117
166,48,118
167,48,119
168,48,120
169,48,121
170,49,121
171,49,122
172,49,123
173,50,123
174,50,124
175,50,125
176,50,126
177,50,127
178,50,128
179,50,129
180,51,129
181,51,130
182,51,131
183,51,132
184,51,133
185,51,134
186,51,135
187,52,135
188,53,135
189,53,136
190,53,137
191,53,138
192,53,139
193,54,139
194,54,140
195,54,141
196,54,142
197,54,143
198,55,143
199,55,144
200,56,144
201,56,145
202,56,146
203,56,147
204,56,148
205,57,148
206,58,148
207,58,149
208,58,150
209,58,151
210,59,151
211,59,152
212,60,152
213,60,153
214,61,153
215,62,153
216,63,153
217,63,154
218,64,154
219,64,155
220,64,156
221,65,156
222,65,157
223,66,157
224,66,158
225,67,158
226,68,158
227,68,159
228,69,159
229,69,160
230,70,160
231,70,161
232,71,161
233,71,162
234,71,163
235,71,164
236,71,165
237,71,166
238,71,167
239,71,168
240,71,169
241,71,170
242,72,170
243,72,171
244,72,172
245,73,172
246,74,172
247,74,173
248,74,174
249,74,175
250,74,176
251,75,176
252,75,177
253,76,177
254,77,177
255,77,178
256,77,179
257,77,180
258,77,181
259,77,182
260,77,183
261,77,184
262,78,184
263,78,185
264,78,186
265,78,187
266,78,188
267,78,189
268,79,189
269,79,190
270,79,191
271,79,192
272,80,192
273,81,192
274,81,193
275,81,194
276,81,195
277,81,196
278,82,196
279,82,197
280,83,197
281,83,198
282,84,198
283,85,198
284,85,199
285,85,200
286,85,201
287,86,201
288,86,202
289,86,203
290,86,204
291,87,204
292,87,205
293,87,206
294,88,206
295,88,207
296,88,208
297,89,208
298,90,208
299,91,208
300,92,208
301,92,209
302,92,210
303,93,210
304,93,211
305,94,211
306,94,212
307,94,213
308,94,214
309,94,215
310,94,216
311,94,217
312,94,218
313,95,218
314,96,218
315,96,219
316,96,220
317,96,221
318,97,221
319,98,221
320,99,221
321,99,222
322,99,223
323,100,223
324,101,223
325,101,224
326,101,225
327,101,226
328,101,227
329,101,228
330,102,228
331,103,228
332,104,228
333,105,228
334,105,229
335,106,229
336,106,230
337,107,230
338,107,231
339,108,231
340,108,232
341,108,233
342,108,234
343,108,235
344,109,235
345,109,236
346,109,237
347,109,238
348,109,239
349,110,239
350,110,240
351,110,241
352,110,242
353,110,243
354,110,244
355,110,245
356,111,245
357,111,246
358,112,246
359,112,247
360,112,248
361,112,249
362,112,250
363,112,251
364,112,252
365,112,253
366,112,254
367,112,255
368,112,256
369,112,257
370,112,258
371,112,259
372,112,260
373,113,260
374,113,261
375,113,262
376,113,263
377,114,263
378,114,264
379,114,265
380,114,266
381,114,267
382,115,267
383,115,268
384,115,269
385,115,270
386,116,270
387,116,271
388,117,271
389,117,272
390,117,273
391,117,274
392,117,275
393,118,275
394,119,275
395,119,276
396,119,277
397,119,278
398,119,279
399,119,280
400,119,281
401,120,281
402,121,281
403,122,281
404,122,282
405,122,283
406,122,284
407,123,284
408,124,284
409,125,284
410,125,285
411,126,285
412,126,286
413,126,287
414,127,287
415,127,288
416,127,289
417,127,290
418,127,291
419,127,292
420,127,293
421,128,293
422,128,294
423,129,294
424,129,295
425,129,296
426,129,297
427,129,298
428,129,299
429,130,299
430,130,300
431,131,300
432,131,301
433,131,302
434,132,302
435,132,303
436,133,303
437,133,304
438,133,305
439,133,306
440,133,307
441,133,308
442,134,308
443,134,309
444,134,310
445,134,311
446,135,311
447,135,312
448,136,312
449,136,313
450,136,314
451,137,314
452,137,315
453,137,316
454,137,317
455,137,318
456,137,319
457,138,319
458,139,319
459,139,320
460,139,321
461,139,322
462,139,323
463,139,324
464,139,325
465,139,326
466,139,327
467,139,328
468,140,328
469,140,329
470,141,329
471,141,330
472,142,330
473,142,331
474,142,332
475,142,333
476,143,333
477,144,333
478,145,333
479,145,334
480,145,335
481,145,336
482,145,337
483,145,338
484,146,338
485,147,338
486,147,339
487,147,340
488,147,341
489,147,342
490,147,343
491,147,344
492,147,345
493,148,345
494,148,346
495,149,346
496,149,347
497,150,347
498,151,347
499,151,348
500,152,348
