1,0,1
2,0,2
3,0,3
4,0,4
5,0,5
6,0,6
7,0,7
8,0,8
9,0,9
10,1,9
11,1,10
12,1,11
13,1,12
14,2,12
15,2,13
16,2,14
17,2,15
18,3,15
19,3,16
20,3,17
21,3,18
22,3,19
23,4,19
24,5,19
25,5,20
26,5,21
27,5,22
28,5,23
29,5,24
30,5,25
31,5,26
32,6,26
33,6,27
34,7,27
35,7,28
36,8,28
37,8,29
38,8,30
39,8,31
40,8,32
41,8,33
42,8,34
43,9,34
44,9,35
45,9,36
46,10,36
47,10,37
48,10,38
49,10,39
50,10,40
51,11,40
52,11,41
53,11,42
54,12,42
55,13,42
56,13,43
57,13,44
58,13,45
59,13,46
60,13,47
61,13,48
62,14,48
63,15,48
64,15,49
65,15,50
66,15,51
67,15,52
68,16,52
69,16,53
70,16,54
71,16,55
72,16,56
73,17,56
74,17,57
75,17,58
76,17,59
77,17,60
78,18,60
79,18,61
80,18,62
81,19,62
82,20,62
83,20,63
84,21,63
85,21,64
86,22,64
87,22,65
88,22,66
89,23,66
90,23,67
91,23,68
92,24,68
93,24,69
94,24,70
95,24,71
96,24,72
97,25,72
98,25,73
99,25,74
100,25,75
101,25,76
102,25,77
103,25,78
104,25,79
105,25,80
106,26,80
107,26,81
108,26,82
109,27,82
110,27,83
111,27,84
112,27,85
113,27,86
114,27,87
115,28,87
116,28,88
117,28,89
118,29,89
119,29,90
120,29,91
121,29,92
122,30,92
123,30,93
124,30,94
125,30,95
126,30,96
127,30,97
128,30,98
129,30,99
130,30,100
131,30,101
132,30,102
133,30,103
134,30,104
135,30,105
136,31,105
137,31,106
138,32,106
139,32,107
140,32,108
141,32,109
142,32,110
143,33,110
144,33,111
145,33,112
146,33,113
147,33,114
148,34,114
149,34,115
150,34,116
151,34,117
152,34,118
153,34,119
154,34,120
155,34,121
156,34,122
157,34,123
158,34,124
159,35,124
160,35,125
161,36,125
162,37,125
163,37,126
164,37,127
165,37,128
166,37,129
167,37,130
168,37,131
169,37,132
170,37,133
171,37,134
172,37,135
173,37,136
174,37,137
175,37,138
176,38,138
177,38,139
178,38,140
179,38,141
180,38,142
181,39,142
182,39,143
183,40,143
184,40,144
185,41,144
186,42,144
187,42,145
188,42,146
189,42,147
190,42,148
191,42,149
192,42,150
193,42,151
194,42,152
195,42,153
196,42,154
197,42,155
198,42,156
199,42,157
200,43,157
201,43,158
202,43,159
203,43,160
204,44,160
205,44,161
206,44,162
207,45,162
208,46,162
209,46,163
210,46,164
211,46,165
212,46,166
213,46,167
214,47,167
215,47,168
216,47,169
217,47,170
218,47,171
219,47,172
220,48,172
221,48,173
222,48,174
223,48,175
224,48,176
225,48,177
226,49,177
227,49,178
228,49,179
229,49,180
230,49,181
231,49,182
232,49,183
233,50,183
234,50,184
235,51,184
236,52,184
237,53,184
238,54,184
239,54,185
240,54,186
241,54,187
242,54,188
243,54,189
244,55,189
245,55,190
246,56,190
247,56,191
248,56,192
249,57,192
250,58,192
251,59,192
252,59,193
253,60,193
254,60,194
255,61,194
256,61,195
257,61,196
258,62,196
259,62,197
260,62,198
261,62,199
262,62,200
263,62,201
264,62,202
265,63,202
266,64,202
267,64,203
268,64,204
269,64,205
270,64,206
271,64,207
272,65,207
273,65,208
274,65,209
275,66,209
276,66,210
277,66,211
278,66,212
279,67,212
280,67,213
281,67,214
282,67,215
283,67,216
284,67,217
285,68,217
286,68,218
287,68,219
288,68,220
289,68,221
290,68,222
291,69,222
292,69,223
293,70,223
294,70,224
295,70,225
296,70,226
297,71,226
298,71,227
299,71,228
300,71,229
301,71,230
302,71,231
303,72,231
304,72,232
305,73,232
306,73,233
307,73,234
308,73,235
309,74,235
310,74,236
311,75,236
312,75,237
313,75,238
314,75,239
315,75,240
316,75,241
317,75,242
318,75,243
319,75,244
320,75,245
321,75,246
322,75,247
323,76,247
324,76,248
325,77,248
326,77,249
327,77,250
328,77,251
329,77,252
330,77,253
331,77,254
332,77,255
333,78,255
334,78,256
335,78,257
336,78,258
337,78,259
338,78,260
339,78,261
340,78,262
341,78,263
342,78,264
343,78,265
344,79,265
345,80,265
346,80,266
347,81,266
348,82,266
349,82,267
350,83,267
351,84,267
352,84,268
353,84,269
354,84,270
355,84,271
356,84,272
357,84,273
358,84,274
359,84,275
360,85,275
361,85,276
362,86,276
363,86,277
364,86,278
365,86,279
366,86,280
367,86,281
368,86,282
369,87,282
370,87,283
371,88,283
372,88,284
373,89,284
374,89,285
375,89,286
376,90,286
377,90,287
378,90,288
379,90,289
380,90,290
381,91,290
382,92,290
383,92,291
384,92,292
385,92,293
386,92,294
387,92,295
388,92,296
389,93,296
390,93,297
391,94,297
392,94,298
393,94,299
394,95,299
395,96,299
396,97,299
397,97,300
398,97,301
399,97,302
400,98,302
401,98,303
402,98,304
403,99,304
404,99,305
405,99,306
406,99,307
407,99,308
408,99,309
409,99,310
410,100,310
411,101,310
412,101,311
413,102,311
414,102,312
415,102,313
416,102,314
417,102,315
418,102,316
419,102,317
420,102,318
421,103,318
422,103,319
423,103,320
424,104,320
425,104,321
426,104,322
427,104,323
428,104,324
429,104,325
430,105,325
431,106,325
432,106,326
433,106,327
434,106,328
435,106,329
436,106,330
437,106,331
438,107,331
439,107,332
440,107,333
441,108,333
442,109,333
443,109,334
444,109,335
445,110,335
446,110,336
447,110,337
448,111,337
449,111,338
450,111,339
451,111,340
452,112,340
453,113,340
454,113,341
455,113,342
456,113,343
457,113,344
458,113,345
459,113,346
460,114,346
461,114,347
462,114,348
463,114,349
464,114,350
465,114,351
466,114,352
467,114,353
468,114,354
469,114,355
470,114,356
471,114,357
472,115,357
473,115,358
474,115,359
475,116,359
476,116,360
477,116,361
478,116,362
479,117,362
480,118,362
481,118,363
482,119,363
483,119,364
484,119,365
485,119,366
486,119,367
487,119,368
488,119,369
489,119,370
490,119,371
491,119,372
492,119,373
493,119,374
494,119,375
495,119,376
496,119,377
497,119,378
498,119,379
499,119,380
500,119,381
