1,0,1
2,0,2
3,0,3
4,0,4
5,1,4
6,1,5
7,2,5
8,2,6
9,2,7
10,2,8
11,3,8
12,3,9
13,3,10
14,3,11
15,4,11
16,4,12
17,4,13
18,4,14
19,4,15
20,5,15
21,6,15
22,7,15
23,7,16
24,7,17
25,8,17
26,8,18
27,8,19
28,8,20
29,8,21
30,8,22
31,8,23
32,8,24
33,8,25
34,8,26
35,9,26
36,9,27
37,9,28
38,9,29
39,9,30
40,9,31
41,9,32
42,9,33
43,9,34
44,10,34
45,10,35
46,10,36
47,10,37
48,11,37
49,11,38
50,11,39
51,11,40
52,11,41
53,12,41
54,12,42
55,12,43
56,12,44
57,13,44
58,13,45
59,13,46
60,13,47
61,13,48
62,13,49
63,14,49
64,14,50
65,15,50
66,15,51
67,15,52
68,15,53
69,15,54
70,16,54
71,16,55
72,16,56
73,17,56
74,17,57
75,17,58
76,18,58
77,18,59
78,18,60
79,18,61
80,19,61
81,19,62
82,19,63
83,20,63
84,20,64
85,20,65
86,20,66
87,21,66
88,21,67
89,22,67
90,22,68
91,22,69
92,22,70
93,22,71
94,22,72
95,22,73
96,23,73
97,23,74
98,23,75
99,23,76
100,23,77
101,23,78
102,23,79
103,23,80
104,23,81
105,23,82
106,23,83
107,23,84
108,23,85
109,23,86
110,23,87
111,23,88
112,23,89
113,23,90
114,23,91
115,23,92
116,24,92
117,24,93
118,24,94
119,24,95
120,25,95
121,25,96
122,25,97
123,25,98
124,25,99
125,25,100
126,26,100
127,26,101
128,26,102
129,27,102
130,28,102
131,28,103
132,28,104
133,29,104
134,29,105
135,30,105
136,30,106
137,31,106
138,31,107
139,32,107
140,32,108
141,33,108
142,33,109
143,33,110
144,34,110
145,34,111
146,34,112
147,34,113
148,34,114
149,34,115
150,34,116
151,35,116
152,35,117
153,35,118
154,35,119
155,35,120
156,36,120
157,36,121
158,36,122
159,36,123
160,36,124
161,36,125
162,36,126
163,36,127
164,37,127
165,37,128
166,37,129
167,37,130
168,37,131
169,37,132
170,38,132
171,38,133
172,39,133
173,39,134
174,40,134
175,40,135
176,40,136
177,40,137
178,40,138
179,40,139
180,40,140
181,40,141
182,40,142
183,40,143
184,40,144
185,41,144
186,42,144
187,42,145
188,42,146
189,42,147
190,42,148
191,42,149
192,42,150
193,42,151
194,42,152
195,43,152
196,43,153
197,44,153
198,44,154
199,44,155
200,44,156
201,44,157
202,44,158
203,44,159
204,44,160
205,44,161
206,44,162
207,45,162
208,45,163
209,46,163
210,46,164
211,47,164
212,47,165
213,47,166
214,47,167
215,47,168
216,47,169
217,47,170
218,47,171
219,48,171
220,48,172
221,48,173
222,48,174
223,48,175
224,48,176
225,49,176
226,50,176
227,50,177
228,50,178
229,50,179
230,50,180
231,50,181
232,50,182
233,51,182
234,52,182
235,52,183
236,52,184
237,52,185
238,52,186
239,52,187
240,53,187
241,53,188
242,54,188
243,54,189
244,54,190
245,54,191
246,54,192
247,54,193
248,54,194
249,54,195
250,54,196
251,54,197
252,54,198
253,55,198
254,55,199
255,56,199
256,57,199
257,57,200
258,58,200
259,58,201
260,58,202
261,58,203
262,59,203
263,60,203
264,60,204
265,60,205
266,60,206
267,60,207
268,60,208
269,60,209
270,60,210
271,60,211
272,61,211
273,61,212
274,61,213
275,61,214
276,62,214
277,62,215
278,62,216
279,62,217
280,63,217
281,63,218
282,63,219
283,63,220
284,63,221
285,63,222
286,63,223
287,63,224
288,63,225
289,63,226
290,64,226
291,64,227
292,64,228
293,64,229
294,65,229
295,65,230
296,65,231
297,66,231
298,66,232
299,66,233
300,67,233
301,68,233
302,69,233
303,69,234
304,69,235
305,69,236
306,69,237
307,69,238
308,70,238
309,70,239
310,70,240
311,71,240
312,72,240
313,72,241
314,73,241
315,73,242
316,73,243
317,74,243
318,74,244
319,74,245
320,74,246
321,74,247
322,75,247
323,75,248
324,75,249
325,75,250
326,75,251
327,76,251
328,76,252
329,76,253
330,76,254
331,77,254
332,77,255
333,78,255
334,78,256
335,79,256
336,79,257
337,79,258
338,79,259
339,79,260
340,79,261
341,79,262
342,79,263
343,79,264
344,79,265
345,79,266
346,79,267
347,79,268
348,79,269
349,79,270
350,79,271
351,79,272
352,79,273
353,79,274
354,79,275
355,79,276
356,79,277
357,79,278
358,79,279
359,79,280
360,79,281
361,79,282
362,80,282
363,80,283
364,81,283
365,81,284
366,82,284
367,82,285
368,83,285
369,83,286
370,83,287
371,84,287
372,84,288
373,85,288
374,86,288
375,87,288
376,87,289
377,88,289
378,89,289
379,89,290
380,90,290
381,90,291
382,90,292
383,91,292
384,92,292
385,92,293
386,92,294
387,92,295
388,92,296
389,93,296
390,93,297
391,93,298
392,93,299
393,94,299
394,94,300
395,95,300
396,95,301
397,96,301
398,97,301
399,97,302
400,97,303
401,97,304
402,97,305
403,98,305
404,98,306
405,98,307
406,98,308
407,98,309
408,98,310
409,99,310
410,99,311
411,100,311
412,100,312
413,100,313
414,101,313
415,101,314
416,101,315
417,101,316
418,101,317
419,102,317
420,103,317
421,103,318
422,104,318
423,104,319
424,105,319
425,106,319
426,106,320
427,107,320
428,108,320
429,108,321
430,108,322
431,108,323
432,109,323
433,110,323
434,110,324
435,110,325
436,110,326
437,111,326
438,111,327
439,111,328
440,111,329
441,111,330
442,111,331
443,111,332
444,112,332
445,112,333
446,112,334
447,112,335
448,113,335
449,113,336
450,113,337
451,113,338
452,114,338
453,114,339
454,114,340
455,115,340
456,116,340
457,116,341
458,117,341
459,117,342
460,117,343
461,118,343
462,118,344
463,118,345
464,118,346
465,118,347
466,118,348
467,118,349
468,118,350
469,118,351
470,118,352
471,118,353
472,118,354
473,118,355
474,118,356
475,118,357
476,118,358
477,118,359
478,118,360
479,118,361
480,118,362
481,118,363
482,118,364
483,118,365
484,118,366
485,118,367
486,118,368
487,118,369
488,118,370
489,118,371
490,118,372
491,118,373
492,118,374
493,118,375
494,118,376
495,118,377
496,118,378
497,118,379
498,118,380
499,118,381
500,118,382
1,0,1
2,0,2
3,0,3
4,0,4
5,0,5
6,0,6
7,0,7
8,0,8
9,0,9
10,1,9
11,1,10
12,1,11
13,1,12
14,1,13
15,1,14
16,2,14
17,2,15
18,2,16
19,2,17
20,2,18
21,2,19
22,2,20
23,2,21
24,2,22
25,3,22
26,3,23
27,3,24
28,3,25
29,4,25
30,5,25
31,6,25
32,6,26
33,7,26
34,7,27
35,7,28
36,7,29
37,7,30
38,8,30
39,8,31
40,8,32
41,8,33
42,8,34
43,8,35
44,8,36
45,8,37
46,8,38
47,9,38
48,10,38
49,10,39
50,10,40
51,10,41
52,11,41
53,11,42
54,11,43
55,11,44
56,11,45
57,11,46
58,12,46
59,12,47
60,12,48
61,13,48
62,13,49
63,13,50
64,13,51
65,13,52
66,13,53
67,13,54
68,13,55
69,14,55
70,14,56
71,14,57
72,14,58
73,15,58
74,15,59
75,15,60
76,15,61
77,16,61
78,16,62
79,16,63
80,17,63
81,18,63
82,19,63
83,19,64
84,20,64
85,20,65
86,20,66
87,21,66
88,22,66
89,22,67
90,23,67
91,23,68
92,23,69
93,23,70
94,23,71
95,24,71
96,25,71
97,25,72
98,25,73
99,25,74
100,25,75
101,26,75
102,26,76
103,26,77
104,26,78
105,26,79
106,27,79
107,27,80
108,28,80
109,28,81
110,28,82
111,28,83
112,28,84
113,28,85
114,28,86
115,28,87
116,29,87
117,29,88
118,29,89
119,30,89
120,30,90
121,31,90
122,32,90
123,32,91
124,33,91
125,33,92
126,34,92
127,34,93
128,34,94
129,35,94
130,35,95
131,36,95
132,36,96
133,37,96
134,37,97
135,38,97
136,38,98
137,38,99
138,38,100
139,38,101
140,38,102
141,38,103
142,38,104
143,38,105
144,39,105
145,39,106
146,39,107
147,39,108
148,39,109
149,39,110
150,39,111
151,39,112
152,39,113
153,39,114
154,40,114
155,40,115
156,41,115
157,41,116
158,41,117
159,41,118
160,41,119
161,41,120
162,42,120
163,42,121
164,42,122
165,43,122
166,43,123
167,44,123
168,44,124
169,44,125
170,44,126
171,44,127
172,44,128
173,45,128
174,45,129
175,46,129
176,46,130
177,47,130
178,47,131
179,48,131
180,48,132
181,49,132
182,49,133
183,49,134
184,49,135
185,49,136
186,49,137
187,50,137
188,51,137
189,52,137
190,53,137
191,54,137
192,55,137
193,55,138
194,56,138
195,56,139
196,56,140
197,57,140
198,57,141
199,57,142
200,58,142
201,58,143
202,58,144
203,58,145
204,59,145
205,59,146
206,59,147
207,59,148
208,59,149
209,59,150
210,59,151
211,59,152
212,60,152
213,61,152
214,61,153
215,61,154
216,61,155
217,61,156
218,61,157
219,61,158
220,61,159
221,61,160
222,62,160
223,62,161
224,62,162
225,63,162
226,64,162
227,64,163
228,64,164
229,65,164
230,65,165
231,65,166
232,66,166
233,67,166
234,67,167
235,67,168
236,68,168
237,69,168
238,69,169
239,70,169
240,71,169
241,72,169
242,72,170
243,73,170
244,73,171
245,73,172
246,73,173
247,73,174
248,73,175
249,74,175
250,74,176
251,74,177
252,75,177
253,75,178
254,75,179
255,75,180
256,76,180
257,76,181
258,76,182
259,76,183
260,77,183
261,77,184
262,77,185
263,78,185
264,78,186
265,79,186
266,79,187
267,80,187
268,81,187
269,81,188
270,81,189
271,82,189
272,82,190
273,82,191
274,82,192
275,83,192
276,83,193
277,84,193
278,84,194
279,84,195
280,84,196
281,85,196
282,85,197
283,85,198
284,85,199
285,85,200
286,85,201
287,85,202
288,86,202
289,86,203
290,86,204
291,87,204
292,87,205
293,87,206
294,87,207
295,88,207
296,88,208
297,88,209
298,89,209
299,90,209
300,90,210
301,91,210
302,91,211
303,91,212
304,92,212
305,93,212
306,94,212
307,94,213
308,94,214
309,94,215
310,94,216
311,94,217
312,94,218
313,94,219
314,94,220
315,95,220
316,95,221
317,95,222
318,95,223
319,95,224
320,96,224
321,96,225
322,97,225
323,98,225
324,98,226
325,99,226
326,99,227
327,99,228
328,99,229
329,99,230
330,99,231
331,99,232
332,99,233
333,99,234
334,99,235
335,99,236
336,99,237
337,99,238
338,99,239
339,100,239
340,100,240
341,100,241
342,101,241
343,102,241
344,103,241
345,103,242
346,103,243
347,103,244
348,103,245
349,103,246
350,104,246
351,105,246
352,106,246
353,106,247
354,106,248
355,107,248
356,107,249
357,107,250
358,108,250
359,108,251
360,108,252
361,109,252
362,109,253
363,109,254
364,109,255
365,109,256
366,110,256
367,110,257
368,110,258
369,111,258
370,111,259
371,111,260
372,111,261
373,111,262
374,111,263
375,112,263
376,112,264
377,113,264
378,113,265
379,113,266
380,114,266
381,114,267
382,114,268
383,114,269
384,115,269
385,116,269
386,117,269
387,118,269
388,119,269
389,120,269
390,120,270
391,120,271
392,120,272
393,120,273
394,120,274
395,121,274
396,121,275
397,121,276
398,121,277
399,121,278
400,122,278
401,122,279
402,122,280
403,122,281
404,122,282
405,122,283
406,123,283
407,123,284
408,124,284
409,125,284
410,125,285
411,125,286
412,125,287
413,126,287
414,126,288
415,126,289
416,126,290
417,126,291
418,127,291
419,128,291
420,128,292
421,128,293
422,128,294
423,128,295
424,128,296
425,128,297
426,129,297
427,129,298
428,130,298
429,130,299
430,131,299
431,131,300
432,131,301
433,131,302
434,132,302
435,132,303
436,133,303
437,133,304
438,133,305
439,134,305
440,134,306
441,135,306
442,135,307
443,135,308
444,136,308
445,136,309
446,136,310
447,136,311
448,136,312
449,137,312
450,137,313
451,138,313
452,138,314
453,138,315
454,139,315
455,139,316
456,139,317
457,139,318
458,139,319
459,139,320
460,139,321
461,139,322
462,139,323
463,139,324
464,140,324
465,140,325
466,140,326
467,140,327
468,140,328
469,141,328
470,141,329
471,141,330
472,141,331
473,142,331
474,142,332
475,143,332
476,143,333
477,143,334
478,143,335
479,143,336
480,143,337
481,144,337
482,144,338
483,144,339
484,145,339
485,145,340
486,145,341
487,145,342
488,146,342
489,146,343
490,146,344
491,147,344
492,147,345
493,148,345
494,148,346
495,148,347
496,148,348
497,149,348
498,149,349
499,149,350
500,150,350
