1,0,1
2,0,2
3,0,3
4,0,4
5,0,5
6,0,6
7,1,6
8,1,7
9,2,7
10,2,8
11,3,8
12,3,9
13,3,10
14,4,10
15,4,11
16,4,12
17,4,13
18,4,14
19,4,15
20,4,16
21,4,17
22,5,17
23,5,18
24,5,19
25,5,20
26,6,20
27,7,20
28,7,21
29,7,22
30,7,23
31,7,24
32,8,24
33,8,25
34,9,25
35,10,25
36,10,26
37,10,27
38,10,28
39,10,29
40,10,30
41,10,31
42,10,32
43,11,32
44,12,32
45,12,33
46,12,34
47,13,34
48,14,34
49,14,35
50,15,35
51,15,36
52,16,36
53,17,36
54,17,37
55,18,37
56,19,37
57,19,38
58,19,39
59,20,39
60,20,40
61,21,40
62,21,41
63,22,41
64,22,42
65,22,43
66,22,44
67,22,45
68,23,45
69,24,45
70,24,46
71,24,47
72,24,48
73,24,49
74,25,49
75,25,50
76,25,51
77,25,52
78,25,53
79,25,54
80,25,55
81,26,55
82,26,56
83,27,56
84,27,57
85,27,58
86,27,59
87,28,59
88,28,60
89,28,61
90,28,62
91,28,63
92,29,63
93,29,64
94,29,65
95,30,65
96,30,66
97,31,66
98,31,67
99,31,68
100,32,68
101,33,68
102,34,68
103,34,69
104,34,70
105,35,70
106,35,71
107,35,72
108,35,73
109,35,74
110,36,74
111,37,74
112,37,75
113,37,76
114,38,76
115,39,76
116,40,76
117,40,77
118,40,78
119,41,78
120,42,78
121,42,79
122,42,80
123,43,80
124,44,80
125,44,81
126,44,82
127,45,82
128,45,83
129,45,84
130,46,84
131,46,85
132,46,86
133,46,87
134,47,87
135,48,87
136,48,88
137,48,89
138,49,89
139,50,89
140,51,89
141,52,89
142,52,90
143,52,91
144,52,92
145,52,93
146,53,93
147,53,94
148,53,95
149,53,96
150,53,97
151,53,98
152,54,98
153,55,98
154,56,98
155,56,99
156,56,100
157,56,101
158,56,102
159,56,103
160,56,104
161,57,104
162,57,105
163,57,106
164,57,107
165,57,108
166,58,108
167,58,109
168,58,110
169,59,110
170,60,110
171,61,110
172,62,110
173,63,110
174,63,111
175,64,111
176,65,111
177,65,112
178,66,112
179,66,113
180,67,113
181,68,113
182,68,114
183,68,115
184,68,116
185,68,117
186,68,118
187,69,118
188,69,119
189,69,120
190,70,120
191,70,121
192,71,121
193,71,122
194,71,123
195,71,124
196,71,125
197,71,126
198,71,127
199,71,128
200,71,129
201,71,130
202,71,131
203,72,131
204,72,132
205,73,132
206,74,132
207,75,132
208,76,132
209,77,132
210,77,133
211,78,133
212,78,134
213,78,135
214,79,135
215,80,135
216,80,136
217,80,137
218,81,137
219,82,137
220,82,138
221,82,139
222,83,139
223,83,140
224,83,141
225,83,142
226,83,143
227,84,143
228,85,143
229,85,144
230,85,145
231,85,146
232,85,147
233,85,148
234,85,149
235,86,149
236,86,150
237,87,150
238,87,151
239,87,152
240,87,153
241,87,154
242,87,155
243,87,156
244,87,157
245,88,157
246,88,158
247,89,158
248,90,158
249,91,158
250,91,159
251,92,159
252,92,160
253,93,160
254,94,160
255,94,161
256,94,162
257,95,162
258,95,163
259,96,163
260,97,163
261,98,163
262,99,163
263,100,163
264,101,163
265,101,164
266,101,165
267,102,165
268,102,166
269,102,167
270,102,168
271,103,168
272,104,168
273,104,169
274,105,169
275,105,170
276,105,171
277,105,172
278,106,172
279,106,173
280,106,174
281,106,175
282,107,175
283,107,176
284,107,177
285,108,177
286,109,177
287,109,178
288,109,179
289,109,180
290,110,180
291,111,180
292,111,181
293,111,182
294,111,183
295,111,184
296,111,185
297,111,186
298,111,187
299,111,188
300,111,189
301,112,189
302,113,189
303,113,190
304,113,191
305,114,191
306,114,192
307,114,193
308,115,193
309,115,194
310,116,194
311,117,194
312,117,195
313,118,195
314,118,196
315,119,196
316,119,197
317,119,198
318,120,198
319,121,198
320,121,199
321,121,200
322,121,201
323,122,201
324,123,201
325,124,201
326,124,202
327,125,202
328,125,203
329,125,204
330,125,205
331,125,206
332,126,206
333,126,207
334,127,207
335,128,207
336,128,208
337,128,209
338,128,210
339,129,210
340,130,210
341,130,211
342,130,212
343,130,213
344,130,214
345,130,215
346,131,215
347,131,216
348,132,216
349,132,217
350,132,218
351,132,219
352,132,220
353,133,220
354,134,220
355,134,221
356,135,221
357,135,222
358,135,223
359,135,224
360,136,224
361,136,225
362,136,226
363,136,227
364,136,228
365,136,229
366,136,230
367,136,231
368,136,232
369,136,233
370,137,233
371,137,234
372,138,234
373,139,234
374,139,235
375,139,236
376,140,236
377,140,237
378,140,238
379,141,238
380,141,239
381,141,240
382,142,240
383,142,241
384,143,241
385,143,242
386,143,243
387,143,244
388,144,244
389,145,244
390,145,245
391,145,246
392,145,247
393,145,248
394,145,249
395,145,250
396,145,251
397,146,251
398,146,252
399,147,252
400,148,252
401,149,252
402,149,253
403,149,254
404,150,254
405,150,255
406,150,256
407,151,256
408,151,257
409,151,258
410,152,258
411,153,258
412,153,259
413,154,259
414,155,259
415,155,260
416,156,260
417,156,261
418,156,262
419,156,263
420,156,264
421,157,264
422,157,265
423,157,266
424,157,267
425,158,267
426,159,267
427,160,267
428,160,268
429,160,269
430,161,269
431,162,269
432,162,270
433,162,271
434,163,271
435,163,272
436,163,273
437,164,273
438,164,274
439,164,275
440,164,276
441,164,277
442,165,277
443,165,278
444,166,278
445,166,279
446,166,280
447,167,280
448,168,280
449,168,281
450,168,282
451,169,282
452,170,282
453,171,282
454,171,283
455,172,283
456,173,283
457,174,283
458,175,283
459,175,284
460,175,285
461,175,286
462,175,287
463,176,287
464,176,288
465,176,289
466,177,289
467,177,290
468,177,291
469,177,292
470,177,293
471,177,294
472,178,294
473,178,295
474,178,296
475,178,297
476,178,298
477,178,299
478,178,300
479,179,300
480,179,301
481,180,301
482,180,302
483,180,303
484,180,304
485,181,304
486,182,304
487,182,305
488,182,306
489,183,306
490,183,307
491,183,308
492,183,309
493,184,309
494,184,310
495,185,310
496,185,311
497,185,312
498,186,312
499,187,312
500,188,312
