1,0,1
2,1,1
3,1,2
4,1,3
5,2,3
6,2,4
7,3,4
8,3,5
9,3,6
10,3,7
11,3,8
12,3,9
13,4,9
14,4,10
15,5,10
16,6,10
17,7,10
18,8,10
19,8,11
20,8,12
21,9,12
22,9,13
23,10,13
24,10,14
25,11,14
26,11,15
27,11,16
28,11,17
29,11,18
30,12,18
31,12,19
32,12,20
33,12,21
34,13,21
35,13,22
36,13,23
37,14,23
38,14,24
39,15,24
40,15,25
41,15,26
42,15,27
43,16,27
44,16,28
45,16,29
46,16,30
47,16,31
48,16,32
49,16,33
50,16,34
51,16,35
52,16,36
53,17,36
54,17,37
55,17,38
56,17,39
57,17,40
58,17,41
59,17,42
60,17,43
61,18,43
62,18,44
63,18,45
64,18,46
65,18,47
66,18,48
67,19,48
68,19,49
69,20,49
70,20,50
71,20,51
72,20,52
73,20,53
74,21,53
75,21,54
76,22,54
77,22,55
78,22,56
79,22,57
80,23,57
81,23,58
82,23,59
83,23,60
84,24,60
85,24,61
86,24,62
87,24,63
88,24,64
89,24,65
90,25,65
91,25,66
92,25,67
93,25,68
94,25,69
95,26,69
96,26,70
97,26,71
98,26,72
99,26,73
100,27,73
101,27,74
102,27,75
103,27,76
104,27,77
105,27,78
106,27,79
107,28,79
108,28,80
109,28,81
110,28,82
111,28,83
112,28,84
113,28,85
114,28,86
115,28,87
116,28,88
117,28,89
118,28,90
119,28,91
120,28,92
121,29,92
122,29,93
123,29,94
124,29,95
125,30,95
126,30,96
127,31,96
128,32,96
129,32,97
130,32,98
131,33,98
132,33,99
133,33,100
134,33,101
135,33,102
136,33,103
137,33,104
138,33,105
139,33,106
140,33,107
141,33,108
142,33,109
143,34,109
144,34,110
145,34,111
146,34,112
147,34,113
148,34,114
149,34,115
150,34,116
151,34,117
152,34,118
153,35,118
154,35,119
155,35,120
156,35,121
157,35,122
158,35,123
159,35,124
160,35,125
161,35,126
162,35,127
163,36,127
164,36,128
165,36,129
166,36,130
167,36,131
168,37,131
169,37,132
170,37,133
171,37,134
172,37,135
173,37,136
174,37,137
175,38,137
176,38,138
177,38,139
178,38,140
179,38,141
180,39,141
181,39,142
182,40,142
183,41,142
184,41,143
185,41,144
186,42,144
187,42,145
188,42,146
189,43,146
190,43,147
191,44,147
192,44,148
193,44,149
194,44,150
195,44,151
196,44,152
197,44,153
198,45,153
199,46,153
200,46,154
201,46,155
202,47,155
203,47,156
204,48,156
205,48,157
206,48,158
207,48,159
208,49,159
209,49,160
210,50,160
211,50,161
212,50,162
213,50,163
214,50,164
215,50,165
216,51,165
217,51,166
218,52,166
219,52,167
220,52,168
221,53,168
222,53,169
223,53,170
224,53,171
225,53,172
226,53,173
227,53,174
228,53,175
229,53,176
230,53,177
231,53,178
232,53,179
233,53,180
234,53,181
235,53,182
236,54,182
237,54,183
238,54,184
239,55,184
240,55,185
241,55,186
242,55,187
243,55,188
244,55,189
245,56,189
246,56,190
247,56,191
248,56,192
249,56,193
250,56,194
251,56,195
252,57,195
253,57,196
254,57,197
255,57,198
256,57,199
257,57,200
258,58,200
259,58,201
260,58,202
261,59,202
262,59,203
263,59,204
264,59,205
265,59,206
266,59,207
267,59,208
268,59,209
269,59,210
270,60,210
271,60,211
272,61,211
273,61,212
274,62,212
275,62,213
276,62,214
277,63,214
278,63,215
279,63,216
280,63,217
281,63,218
282,64,218
283,64,219
284,64,220
285,64,221
286,64,222
287,64,223
288,65,223
289,65,224
290,65,225
291,65,226
292,65,227
293,65,228
294,65,229
295,66,229
296,67,229
297,67,230
298,67,231
299,67,232
300,67,233
301,67,234
302,67,235
303,67,236
304,67,237
305,68,237
306,68,238
307,68,239
308,69,239
309,69,240
310,69,241
311,69,242
312,69,243
313,69,244
314,70,244
315,70,245
316,70,246
317,70,247
318,70,248
319,70,249
320,70,250
321,71,250
322,71,251
323,71,252
324,71,253
325,72,253
326,72,254
327,72,255
328,72,256
329,73,256
330,73,257
331,74,257
332,74,258
333,74,259
334,74,260
335,74,261
336,74,262
337,74,263
338,74,264
339,75,264
340,75,265
341,75,266
342,75,267
343,75,268
344,76,268
345,76,269
346,77,269
347,77,270
348,77,271
349,78,271
350,78,272
351,78,273
352,78,274
353,78,275
354,79,275
355,80,275
356,80,276
357,80,277
358,81,277
359,81,278
360,81,279
361,82,279
362,83,279
363,83,280
364,83,281
365,83,282
366,84,282
367,84,283
368,84,284
369,84,285
370,84,286
371,84,287
372,85,287
373,85,288
374,85,289
375,85,290
376,85,291
377,86,291
378,86,292
379,86,293
380,86,294
381,86,295
382,86,296
383,86,297
384,86,298
385,86,299
386,86,300
387,86,301
388,87,301
389,87,302
390,87,303
391,88,303
392,88,304
393,88,305
394,88,306
395,89,306
396,90,306
397,90,307
398,90,308
399,91,308
400,91,309
401,91,310
402,91,311
403,91,312
404,91,313
405,92,313
406,92,314
407,92,315
408,93,315
409,93,316
410,93,317
411,93,318
412,93,319
413,93,320
414,94,320
415,94,321
416,94,322
417,94,323
418,94,324
419,94,325
420,94,326
421,94,327
422,94,328
423,94,329
424,94,330
425,95,330
426,95,331
427,96,331
428,96,332
429,96,333
430,97,333
431,97,334
432,97,335
433,98,335
434,98,336
435,98,337
436,98,338
437,98,339
438,98,340
439,99,340
440,99,341
441,99,342
442,99,343
443,99,344
444,99,345
445,100,345
446,100,346
447,100,347
448,100,348
449,101,348
450,101,349
451,101,350
452,101,351
453,101,352
454,101,353
455,102,353
456,102,354
457,102,355
458,102,356
459,102,357
460,102,358
461,102,359
462,103,359
463,103,360
464,103,361
465,103,362
466,103,363
467,104,363
468,104,364
469,104,365
470,104,366
471,104,367
472,104,368
473,105,368
474,106,368
475,106,369
476,106,370
477,106,371
478,106,372
479,106,373
480,107,373
481,107,374
482,108,374
483,108,375
484,108,376
485,108,377
486,108,378
487,108,379
488,108,380
489,108,381
490,108,382
491,108,383
492,108,384
493,108,385
494,109,385
495,109,386
496,110,386
497,110,387
498,110,388
499,110,389
500,110,390
