1,0,1
2,0,2
3,1,2
4,1,3
5,1,4
6,2,4
7,3,4
8,3,5
9,3,6
10,3,7
11,4,7
12,5,7
13,6,7
14,7,7
15,7,8
16,7,9
17,7,10
18,8,10
19,9,10
20,10,10
21,10,11
22,10,12
23,10,13
24,11,13
25,12,13
26,12,14
27,12,15
28,13,15
29,13,16
30,14,16
31,15,16
32,15,17
33,16,17
34,17,17
35,18,17
36,18,18
37,19,18
38,20,18
39,21,18
40,21,19
41,21,20
42,21,21
43,22,21
44,22,22
45,22,23
46,22,24
47,22,25
48,23,25
49,23,26
50,23,27
51,24,27
52,24,28
53,24,29
54,25,29
55,25,30
56,26,30
57,27,30
58,28,30
59,28,31
60,28,32
61,29,32
62,30,32
63,30,33
64,30,34
65,31,34
66,32,34
67,33,34
68,33,35
69,33,36
70,34,36
71,35,36
72,36,36
73,37,36
74,38,36
75,39,36
76,40,36
77,41,36
78,41,37
79,41,38
80,41,39
81,42,39
82,42,40
83,42,41
84,43,41
85,43,42
86,43,43
87,44,43
88,44,44
89,44,45
90,44,46
91,44,47
92,45,47
93,45,48
94,46,48
95,47,48
96,47,49
97,48,49
98,48,50
99,48,51
100,48,52
101,49,52
102,50,52
103,51,52
104,51,53
105,51,54
106,51,55
107,52,55
108,52,56
109,52,57
110,53,57
111,54,57
112,54,58
113,55,58
114,55,59
115,56,59
116,57,59
117,58,59
118,59,59
119,59,60
120,59,61
121,59,62
122,60,62
123,61,62
124,62,62
125,62,63
126,62,64
127,63,64
128,63,65
129,63,66
130,64,66
131,65,66
132,65,67
133,65,68
134,66,68
135,66,69
136,66,70
137,67,70
138,68,70
139,69,70
140,70,70
141,70,71
142,71,71
143,72,71
144,73,71
145,73,72
146,73,73
147,73,74
148,74,74
149,75,74
150,75,75
151,75,76
152,76,76
153,77,76
154,77,77
155,77,78
156,78,78
157,78,79
158,78,80
159,78,81
160,79,81
161,80,81
162,80,82
163,80,83
164,80,84
165,81,84
166,81,85
167,82,85
168,82,86
169,83,86
170,84,86
171,85,86
172,86,86
173,87,86
174,87,87
175,88,87
176,88,88
177,89,88
178,89,89
179,90,89
180,91,89
181,91,90
182,92,90
183,93,90
184,93,91
185,93,92
186,93,93
187,94,93
188,94,94
189,95,94
190,96,94
191,96,95
192,97,95
193,98,95
194,98,96
195,98,97
196,99,97
197,100,97
198,101,97
199,102,97
200,103,97
201,104,97
202,105,97
203,105,98
204,106,98
205,107,98
206,108,98
207,108,99
208,108,100
209,109,100
210,110,100
211,111,100
212,111,101
213,112,101
214,113,101
215,113,102
216,113,103
217,114,103
218,115,103
219,116,103
220,117,103
221,117,104
222,117,105
223,117,106
224,117,107
225,117,108
226,117,109
227,118,109
228,119,109
229,120,109
230,120,110
231,120,111
232,120,112
233,120,113
234,121,113
235,122,113
236,123,113
237,123,114
238,123,115
239,124,115
240,124,116
241,124,117
242,125,117
243,125,118
244,126,118
245,127,118
246,128,118
247,128,119
248,128,120
249,128,121
250,128,122
251,129,122
252,130,122
253,130,123
254,131,123
255,131,124
256,132,124
257,133,124
258,134,124
259,134,125
260,135,125
261,136,125
262,136,126
263,136,127
264,137,127
265,138,127
266,139,127
267,140,127
268,141,127
269,141,128
270,141,129
271,142,129
272,143,129
273,143,130
274,143,131
275,144,131
276,145,131
277,146,131
278,147,131
279,148,131
280,148,132
281,148,133
282,148,134
283,149,134
284,149,135
285,150,135
286,151,135
287,151,136
288,152,136
289,153,136
290,153,137
291,153,138
292,153,139
293,154,139
294,155,139
295,155,140
296,155,141
297,155,142
298,156,142
299,157,142
300,157,143
301,157,144
302,158,144
303,159,144
304,160,144
305,161,144
306,161,145
307,161,146
308,162,146
309,163,146
310,164,146
311,164,147
312,164,148
313,165,148
314,165,149
315,166,149
316,167,149
317,168,149
318,168,150
319,168,151
320,169,151
321,169,152
322,169,153
323,170,153
324,171,153
325,171,154
326,171,155
327,171,156
328,172,156
329,172,157
330,173,157
331,174,157
332,174,158
333,174,159
334,174,160
335,174,161
336,175,161
337,176,161
338,176,162
339,176,163
340,177,163
341,177,164
342,178,164
343,179,164
344,179,165
345,180,165
346,181,165
347,181,166
348,182,166
349,183,166
350,183,167
351,183,168
352,184,168
353,184,169
354,184,170
355,184,171
356,184,172
357,184,173
358,184,174
359,185,174
360,186,174
361,186,175
362,186,176
363,186,177
364,187,177
365,187,178
366,188,178
367,189,178
368,189,179
369,190,179
370,191,179
371,191,180
372,191,181
373,191,182
374,192,182
375,192,183
376,192,184
377,193,184
378,193,185
379,193,186
380,193,187
381,194,187
382,194,188
383,194,189
384,195,189
385,196,189
386,196,190
387,197,190
388,197,191
389,198,191
390,199,191
391,199,192
392,200,192
393,200,193
394,201,193
395,202,193
396,203,193
397,204,193
398,204,194
399,205,194
400,206,194
401,207,194
402,208,194
403,208,195
404,208,196
405,209,196
406,209,197
407,210,197
408,210,198
409,211,198
410,212,198
411,212,199
412,213,199
413,214,199
414,214,200
415,214,201
416,214,202
417,215,202
418,215,203
419,216,203
420,217,203
421,218,203
422,218,204
423,218,205
424,218,206
425,218,207
426,218,208
427,219,208
428,220,208
429,221,208
430,221,209
431,222,209
432,223,209
433,224,209
434,225,209
435,225,210
436,225,211
437,225,212
438,225,213
439,225,214
440,225,215
441,225,216
442,225,217
443,225,218
444,226,218
445,227,218
446,227,219
447,228,219
448,228,220
449,229,220
450,229,221
451,230,221
452,231,221
453,231,222
454,232,222
455,233,222
456,233,223
457,233,224
458,234,224
459,235,224
460,236,224
461,236,225
462,236,226
463,236,227
464,236,228
465,237,228
466,237,229
467,238,229
468,239,229
469,239,230
470,239,231
471,240,231
472,241,231
473,242,231
474,243,231
475,243,232
476,244,232
477,245,232
478,245,233
479,245,234
480,245,235
481,245,236
482,245,237
483,245,238
484,245,239
485,246,239
486,247,239
487,248,239
488,248,240
489,248,241
490,248,242
491,248,243
492,249,243
493,250,243
494,251,243
495,252,243
496,253,243
497,253,244
498,253,245
499,253,246
500,254,246
