1,0,1
2,0,2
3,0,3
4,0,4
5,0,5
6,1,5
7,1,6
8,1,7
9,2,7
10,3,7
11,3,8
12,4,8
13,4,9
14,5,9
15,5,10
16,6,10
17,6,11
18,6,12
19,7,12
20,7,13
21,7,14
22,7,15
23,8,15
24,8,16
25,8,17
26,8,18
27,8,19
28,9,19
29,10,19
30,11,19
31,11,20
32,12,20
33,13,20
34,14,20
35,15,20
36,16,20
37,16,21
38,16,22
39,17,22
40,17,23
41,17,24
42,17,25
43,17,26
44,18,26
45,18,27
46,18,28
47,18,29
48,18,30
49,18,31
50,19,31
51,19,32
52,19,33
53,19,34
54,20,34
55,21,34
56,21,35
57,21,36
58,21,37
59,21,38
60,21,39
61,21,40
62,22,40
63,23,40
64,23,41
65,24,41
66,24,42
67,25,42
68,26,42
69,26,43
70,27,43
71,27,44
72,27,45
73,28,45
74,29,45
75,29,46
76,29,47
77,29,48
78,29,49
79,29,50
80,30,50
81,30,51
82,30,52
83,30,53
84,31,53
85,31,54
86,32,54
87,32,55
88,32,56
89,33,56
90,34,56
91,34,57
92,34,58
93,35,58
94,36,58
95,36,59
96,37,59
97,37,60
98,38,60
99,38,61
100,38,62
101,39,62
102,39,63
103,39,64
104,40,64
105,40,65
106,41,65
107,42,65
108,42,66
109,43,66
110,43,67
111,44,67
112,45,67
113,45,68
114,45,69
115,46,69
116,46,70
117,46,71
118,46,72
119,47,72
120,47,73
121,47,74
122,47,75
123,47,76
124,47,77
125,47,78
126,48,78
127,48,79
128,48,80
129,49,80
130,50,80
131,50,81
132,50,82
133,51,82
134,51,83
135,51,84
136,51,85
137,51,86
138,51,87
139,51,88
140,51,89
141,51,90
142,52,90
143,52,91
144,53,91
145,53,92
146,53,93
147,53,94
148,54,94
149,55,94
150,55,95
151,55,96
152,55,97
153,55,98
154,56,98
155,57,98
156,57,99
157,57,100
158,57,101
159,58,101
160,58,102
161,58,103
162,58,104
163,58,105
164,58,106
165,59,106
166,60,106
167,61,106
168,62,106
169,63,106
170,63,107
171,64,107
172,64,108
173,64,109
174,65,109
175,65,110
176,66,110
177,67,110
178,67,111
179,68,111
180,69,111
181,69,112
182,69,113
183,69,114
184,69,115
185,70,115
186,70,116
187,70,117
188,70,118
189,70,119
190,71,119
191,72,119
192,72,120
193,72,121
194,73,121
195,74,121
196,74,122
197,75,122
198,76,122
199,77,122
200,78,122
201,78,123
202,78,124
203,78,125
204,78,126
205,79,126
206,79,127
207,79,128
208,79,129
209,79,130
210,80,130
211,80,131
212,81,131
213,81,132
214,81,133
215,82,133
216,83,133
217,83,134
218,83,135
219,84,135
220,85,135
221,86,135
222,86,136
223,87,136
224,87,137
225,87,138
226,87,139
227,87,140
228,88,140
229,89,140
230,89,141
231,89,142
232,89,143
233,90,143
234,91,143
235,92,143
236,92,144
237,93,144
238,94,144
239,95,144
240,95,145
241,95,146
242,95,147
243,95,148
244,95,149
245,95,150
246,95,151
247,95,152
248,95,153
249,96,153
250,96,154
251,96,155
252,96,156
253,96,157
254,96,158
255,96,159
256,96,160
257,96,161
258,97,161
259,98,161
260,98,162
261,99,162
262,99,163
263,99,164
264,99,165
265,99,166
266,99,167
267,100,167
268,101,167
269,101,168
270,101,169
271,101,170
272,102,170
273,102,171
274,103,171
275,103,172
276,103,173
277,104,173
278,105,173
279,105,174
280,106,174
281,106,175
282,106,176
283,107,176
284,108,176
285,109,176
286,110,176
287,111,176
288,111,177
289,112,177
290,112,178
291,112,179
292,113,179
293,113,180
294,114,180
295,114,181
296,114,182
297,114,183
298,114,184
299,114,185
300,115,185
301,115,186
302,115,187
303,116,187
304,116,188
305,117,188
306,117,189
307,117,190
308,118,190
309,118,191
310,119,191
311,119,192
312,119,193
313,119,194
314,120,194
315,120,195
316,121,195
317,122,195
318,122,196
319,122,197
320,123,197
321,124,197
322,124,198
323,124,199
324,124,200
325,124,201
326,124,202
327,125,202
328,125,203
329,125,204
330,126,204
331,127,204
332,127,205
333,127,206
334,127,207
335,127,208
336,127,209
337,128,209
338,128,210
339,129,210
340,130,210
341,131,210
342,132,210
343,132,211
344,132,212
345,133,212
346,133,213
347,134,213
348,135,213
349,135,214
350,135,215
351,136,215
352,137,215
353,137,216
354,138,216
355,138,217
356,138,218
357,138,219
358,139,219
359,139,220
360,139,221
361,139,222
362,140,222
363,140,223
364,140,224
365,140,225
366,141,225
367,142,225
368,142,226
369,142,227
370,143,227
371,143,228
372,144,228
373,144,229
374,145,229
375,146,229
376,147,229
377,147,230
378,147,231
379,148,231
380,148,232
381,148,233
382,148,234
383,149,234
384,149,235
385,150,235
386,150,236
387,150,237
388,150,238
389,151,238
390,151,239
391,152,239
392,152,240
393,152,241
394,152,242
395,152,243
396,153,243
397,154,243
398,155,243
399,155,244
400,155,245
401,155,246
402,155,247
403,156,247
404,157,247
405,157,248
406,157,249
407,157,250
408,158,250
409,158,251
410,158,252
411,159,252
412,160,252
413,161,252
414,161,253
415,162,253
416,162,254
417,162,255
418,162,256
419,162,257
420,163,257
421,163,258
422,163,259
423,163,260
424,163,261
425,163,262
426,164,262
427,164,263
428,164,264
429,165,264
430,166,264
431,166,265
432,167,265
433,168,265
434,169,265
435,169,266
436,169,267
437,170,267
438,170,268
439,170,269
440,170,270
441,171,270
442,171,271
443,171,272
444,172,272
445,172,273
446,173,273
447,174,273
448,174,274
449,174,275
450,175,275
451,176,275
452,176,276
453,176,277
454,176,278
455,176,279
456,177,279
457,177,280
458,177,281
459,177,282
460,177,283
461,178,283
462,178,284
463,179,284
464,179,285
465,179,286
466,180,286
467,181,286
468,182,286
469,182,287
470,182,288
471,183,288
472,183,289
473,184,289
474,184,290
475,184,291
476,184,292
477,184,293
478,185,293
479,185,294
480,185,295
481,186,295
482,186,296
483,186,297
484,187,297
485,187,298
486,188,298
487,189,298
488,189,299
489,190,299
490,190,300
491,191,300
492,192,300
493,192,301
494,192,302
495,192,303
496,193,303
497,194,303
498,195,303
499,196,303
500,197,303
