1,0,1
2,1,1
3,1,2
4,1,3
5,2,3
6,2,4
7,3,4
8,3,5
9,4,5
10,5,5
11,5,6
12,6,6
13,6,7
14,7,7
15,7,8
16,8,8
17,9,8
18,9,9
19,9,10
20,10,10
21,11,10
22,11,11
23,11,12
24,12,12
25,13,12
26,14,12
27,15,12
28,16,12
29,17,12
30,17,13
31,18,13
32,18,14
33,18,15
34,18,16
35,19,16
36,20,16
37,20,17
38,21,17
39,22,17
40,22,18
41,22,19
42,23,19
43,24,19
44,25,19
45,25,20
46,25,21
47,26,21
48,26,22
49,26,23
50,26,24
51,26,25
52,27,25
53,27,26
54,27,27
55,28,27
56,28,28
57,29,28
58,29,29
59,29,30
60,30,30
61,30,31
62,30,32
63,31,32
64,32,32
65,33,32
66,34,32
67,34,33
68,35,33
69,36,33
70,37,33
71,37,34
72,38,34
73,39,34
74,40,34
75,40,35
76,40,36
77,40,37
78,40,38
79,41,38
80,41,39
81,42,39
82,43,39
83,43,40
84,43,41
85,43,42
86,44,42
87,45,42
88,46,42
89,46,43
90,47,43
91,48,43
92,49,43
93,49,44
94,49,45
95,50,45
96,50,46
97,51,46
98,51,47
99,52,47
100,53,47
101,53,48
102,54,48
103,55,48
104,55,49
105,55,50
106,56,50
107,56,51
108,57,51
109,57,52
110,58,52
111,59,52
112,59,53
113,59,54
114,59,55
115,59,56
116,60,56
117,61,56
118,61,57
119,62,57
120,63,57
121,64,57
122,65,57
123,65,58
124,65,59
125,66,59
126,67,59
127,67,60
128,67,61
129,67,62
130,67,63
131,68,63
132,68,64
133,68,65
134,68,66
135,68,67
136,68,68
137,69,68
138,69,69
139,70,69
140,71,69
141,72,69
142,73,69
143,73,70
144,74,70
145,74,71
146,75,71
147,75,72
148,75,73
149,76,73
150,76,74
151,77,74
152,78,74
153,79,74
154,80,74
155,81,74
156,82,74
157,83,74
158,83,75
159,84,75
160,85,75
161,86,75
162,87,75
163,87,76
164,87,77
165,88,77
166,88,78
167,88,79
168,89,79
169,90,79
170,90,80
171,90,81
172,91,81
173,92,81
174,92,82
175,93,82
176,93,83
177,93,84
178,93,85
179,93,86
180,94,86
181,94,87
182,94,88
183,94,89
184,95,89
185,95,90
186,96,90
187,96,91
188,96,92
189,96,93
190,97,93
191,97,94
192,98,94
193,99,94
194,99,95
195,99,96
196,99,97
197,100,97
198,101,97
199,102,97
200,103,97
201,104,97
202,105,97
203,106,97
204,107,97
205,108,97
206,108,98
207,109,98
208,109,99
209,109,100
210,110,100
211,110,101
212,111,101
213,111,102
214,111,103
215,111,104
216,112,104
217,113,104
218,113,105
219,114,105
220,115,105
221,115,106
222,115,107
223,115,108
224,116,108
225,116,109
226,117,109
227,118,109
228,119,109
229,120,109
230,120,110
231,121,110
232,121,111
233,122,111
234,123,111
235,124,111
236,125,111
237,125,112
238,125,113
239,125,114
240,125,115
241,125,116
242,126,116
243,127,116
244,127,117
245,127,118
246,127,119
247,128,119
248,128,120
249,128,121
250,128,122
251,128,123
252,128,124
253,129,124
254,130,124
255,131,124
256,131,125
257,132,125
258,133,125
259,134,125
260,135,125
261,136,125
262,136,126
263,136,127
264,136,128
265,137,128
266,137,129
267,138,129
268,138,130
269,138,131
270,138,132
271,139,132
272,140,132
273,140,133
274,141,133
275,142,133
276,142,134
277,143,134
278,144,134
279,145,134
280,146,134
281,147,134
282,147,135
283,148,135
284,148,136
285,149,136
286,149,137
287,149,138
288,150,138
289,151,138
290,152,138
291,152,139
292,152,140
293,152,141
294,152,142
295,152,143
296,152,144
297,152,145
298,153,145
299,154,145
300,155,145
301,156,145
302,156,146
303,156,147
304,156,148
305,157,148
306,158,148
307,158,149
308,159,149
309,159,150
310,160,150
311,161,150
312,162,150
313,162,151
314,163,151
315,164,151
316,164,152
317,165,152
318,165,153
319,165,154
320,165,155
321,166,155
322,166,156
323,166,157
324,167,157
325,167,158
326,167,159
327,168,159
328,168,160
329,169,160
330,169,161
331,169,162
332,169,163
333,170,163
334,171,163
335,171,164
336,172,164
337,173,164
338,174,164
339,175,164
340,176,164
341,176,165
342,177,165
343,177,166
344,178,166
345,179,166
346,179,167
347,179,168
348,179,169
349,180,169
350,180,170
351,181,170
352,181,171
353,182,171
354,182,172
355,183,172
356,184,172
357,185,172
358,185,173
359,186,173
360,187,173
361,188,173
362,189,173
363,189,174
364,190,174
365,191,174
366,192,174
367,193,174
368,194,174
369,194,175
370,194,176
371,194,177
372,195,177
373,196,177
374,197,177
375,198,177
376,199,177
377,199,178
378,199,179
379,200,179
380,201,179
381,201,180
382,201,181
383,202,181
384,202,182
385,202,183
386,203,183
387,204,183
388,204,184
389,204,185
390,204,186
391,204,187
392,204,188
393,204,189
394,204,190
395,204,191
396,205,191
397,205,192
398,205,193
399,206,193
400,207,193
401,207,194
402,208,194
403,209,194
404,209,195
405,209,196
406,209,197
407,209,198
408,209,199
409,209,200
410,210,200
411,210,201
412,211,201
413,212,201
414,213,201
415,213,202
416,213,203
417,214,203
418,215,203
419,216,203
420,217,203
421,218,203
422,219,203
423,220,203
424,221,203
425,221,204
426,222,204
427,223,204
428,223,205
429,223,206
430,223,207
431,223,208
432,223,209
433,224,209
434,224,210
435,225,210
436,226,210
437,227,210
438,228,210
439,229,210
440,230,210
441,230,211
442,230,212
443,230,213
444,230,214
445,231,214
446,231,215
447,231,216
448,232,216
449,232,217
450,232,218
451,233,218
452,233,219
453,233,220
454,233,221
455,234,221
456,234,222
457,235,222
458,236,222
459,237,222
460,238,222
461,239,222
462,240,222
463,241,222
464,241,223
465,242,223
466,242,224
467,242,225
468,243,225
469,244,225
470,244,226
471,245,226
472,245,227
473,246,227
474,246,228
475,247,228
476,248,228
477,249,228
478,249,229
479,250,229
480,251,229
481,252,229
482,253,229
483,253,230
484,253,231
485,253,232
486,253,233
487,253,234
488,254,234
489,255,234
490,255,235
491,255,236
492,256,236
493,257,236
494,258,236
495,258,237
496,258,238
497,259,238
498,259,239
499,259,240
500,259,241
