1,1,0
2,1,1
3,1,2
4,1,3
5,2,3
6,3,3
7,3,4
8,3,5
9,4,5
10,5,5
11,5,6
12,6,6
13,7,6
14,8,6
15,8,7
16,9,7
17,9,8
18,10,8
19,10,9
20,10,10
21,11,10
22,11,11
23,12,11
24,13,11
25,13,12
26,13,13
27,14,13
28,15,13
29,15,14
30,16,14
31,17,14
32,18,14
33,18,15
34,18,16
35,19,16
36,19,17
37,19,18
38,19,19
39,20,19
40,21,19
41,22,19
42,23,19
43,23,20
44,24,20
45,25,20
46,25,21
47,25,22
48,25,23
49,25,24
50,25,25
51,25,26
52,26,26
53,27,26
54,27,27
55,28,27
56,28,28
57,28,29
58,28,30
59,28,31
60,28,32
61,28,33
62,28,34
63,28,35
64,29,35
65,30,35
66,30,36
67,30,37
68,30,38
69,31,38
70,31,39
71,31,40
72,31,41
73,32,41
74,32,42
75,33,42
76,33,43
77,33,44
78,33,45
79,34,45
80,34,46
81,35,46
82,36,46
83,37,46
84,38,46
85,39,46
86,39,47
87,40,47
88,41,47
89,41,48
90,41,49
91,42,49
92,43,49
93,44,49
94,45,49
95,46,49
96,46,50
97,47,50
98,48,50
99,48,51
100,49,51
101,49,52
102,50,52
103,51,52
104,52,52
105,53,52
106,54,52
107,55,52
108,56,52
109,57,52
110,58,52
111,59,52
112,60,52
113,61,52
114,61,53
115,61,54
116,61,55
117,62,55
118,63,55
119,63,56
120,63,57
121,63,58
122,64,58
123,64,59
124,64,60
125,65,60
126,66,60
127,67,60
128,68,60
129,68,61
130,68,62
131,68,63
132,69,63
133,70,63
134,71,63
135,71,64
136,71,65
137,71,66
138,72,66
139,72,67
140,73,67
141,73,68
142,74,68
143,75,68
144,75,69
145,75,70
146,76,70
147,77,70
148,78,70
149,79,70
150,79,71
151,79,72
152,79,73
153,79,74
154,79,75
155,80,75
156,81,75
157,81,76
158,81,77
159,81,78
160,82,78
161,83,78
162,84,78
163,85,78
164,85,79
165,85,80
166,86,80
167,87,80
168,88,80
169,88,81
170,88,82
171,89,82
172,89,83
173,89,84
174,90,84
175,90,85
176,90,86
177,91,86
178,92,86
179,92,87
180,92,88
181,93,88
182,94,88
183,95,88
184,95,89
185,95,90
186,95,91
187,96,91
188,96,92
189,97,92
190,97,93
191,97,94
192,98,94
193,99,94
194,99,95
195,100,95
196,101,95
197,101,96
198,101,97
199,101,98
200,102,98
201,103,98
202,103,99
203,103,100
204,104,100
205,104,101
206,105,101
207,105,102
208,105,103
209,105,104
210,105,105
211,106,105
212,107,105
213,108,105
214,109,105
215,110,105
216,111,105
217,112,105
218,113,105
219,113,106
220,114,106
221,114,107
222,114,108
223,114,109
224,115,109
225,115,110
226,115,111
227,115,112
228,116,112
229,117,112
230,118,112
231,119,112
232,119,113
233,120,113
234,121,113
235,121,114
236,122,114
237,122,115
238,123,115
239,123,116
240,123,117
241,124,117
242,124,118
243,125,118
244,125,119
245,126,119
246,126,120
247,127,120
248,128,120
249,128,121
250,129,121
251,129,122
252,130,122
253,131,122
254,131,123
255,131,124
256,131,125
257,132,125
258,133,125
259,133,126
260,133,127
261,133,128
262,133,129
263,134,129
264,134,130
265,135,130
266,135,131
267,136,131
268,137,131
269,137,132
270,137,133
271,137,134
272,138,134
273,138,135
274,139,135
275,139,136
276,140,136
277,140,137
278,140,138
279,141,138
280,142,138
281,143,138
282,144,138
283,145,138
284,146,138
285,147,138
286,147,139
287,148,139
288,148,140
289,149,140
290,150,140
291,151,140
292,152,140
293,152,141
294,153,141
295,153,142
296,154,142
297,154,143
298,154,144
299,154,145
300,154,146
301,154,147
302,154,148
303,154,149
304,155,149
305,155,150
306,156,150
307,156,151
308,157,151
309,158,151
310,158,152
311,158,153
312,158,154
313,158,155
314,158,156
315,158,157
316,159,157
317,159,158
318,160,158
319,160,159
320,160,160
321,161,160
322,161,161
323,162,161
324,162,162
325,163,162
326,163,163
327,164,163
328,165,163
329,165,164
330,166,164
331,167,164
332,167,165
333,168,165
334,169,165
335,169,166
336,170,166
337,170,167
338,170,168
339,171,168
340,171,169
341,172,169
342,172,170
343,172,171
344,172,172
345,172,173
346,172,174
347,172,175
348,172,176
349,172,177
350,172,178
351,172,179
352,172,180
353,173,180
354,173,181
355,174,181
356,174,182
357,174,183
358,175,183
359,175,184
360,176,184
361,176,185
362,176,186
363,177,186
364,177,187
365,178,187
366,179,187
367,180,187
368,181,187
369,181,188
370,181,189
371,181,190
372,181,191
373,182,191
374,183,191
375,184,191
376,185,191
377,186,191
378,186,192
379,187,192
380,188,192
381,188,193
382,188,194
383,189,194
384,189,195
385,189,196
386,189,197
387,190,197
388,191,197
389,192,197
390,192,198
391,192,199
392,193,199
393,194,199
394,194,200
395,195,200
396,195,201
397,196,201
398,196,202
399,197,202
400,198,202
401,198,203
402,198,204
403,199,204
404,199,205
405,199,206
406,200,206
407,201,206
408,201,207
409,202,207
410,203,207
411,203,208
412,203,209
413,204,209
414,205,209
415,205,210
416,205,211
417,206,211
418,206,212
419,206,213
420,206,214
421,207,214
422,208,214
423,208,215
424,209,215
425,210,215
426,211,215
427,211,216
428,212,216
429,212,217
430,213,217
431,214,217
432,214,218
433,214,219
434,214,220
435,214,221
436,215,221
437,216,221
438,217,221
439,218,221
440,218,222
441,218,223
442,219,223
443,219,224
444,220,224
445,221,224
446,221,225
447,222,225
448,222,226
449,223,226
450,223,227
451,224,227
452,224,228
453,225,228
454,225,229
455,226,229
456,226,230
457,227,230
458,227,231
459,228,231
460,228,232
461,229,232
462,229,233
463,230,233
464,230,234
465,231,234
466,231,235
467,232,235
468,233,235
469,234,235
470,234,236
471,234,237
472,234,238
473,235,238
474,235,239
475,236,239
476,236,240
477,237,240
478,238,240
479,239,240
480,240,240
481,240,241
482,240,242
483,240,243
484,241,243
485,241,244
486,241,245
487,241,246
488,242,246
489,243,246
490,243,247
491,244,247
492,244,248
493,245,248
494,245,249
495,246,249
496,247,249
497,248,249
498,249,249
499,250,249
500,251,249
