1,0,1
2,1,1
3,1,2
4,1,3
5,1,4
6,1,5
7,2,5
8,2,6
9,2,7
10,2,8
11,3,8
12,3,9
13,3,10
14,3,11
15,4,11
16,4,12
17,5,12
18,6,12
19,6,13
20,6,14
21,6,15
22,6,16
23,7,16
24,8,16
25,8,17
26,9,17
27,10,17
28,11,17
29,11,18
30,11,19
31,11,20
32,11,21
33,11,22
34,12,22
35,12,23
36,13,23
37,14,23
38,15,23
39,15,24
40,16,24
41,16,25
42,16,26
43,17,26
44,17,27
45,17,28
46,18,28
47,19,28
48,20,28
49,21,28
50,22,28
51,22,29
52,23,29
53,23,30
54,23,31
55,24,31
56,24,32
57,24,33
58,24,34
59,25,34
60,25,35
61,26,35
62,27,35
63,28,35
64,29,35
65,29,36
66,29,37
67,30,37
68,31,37
69,31,38
70,31,39
71,31,40
72,31,41
73,32,41
74,32,42
75,32,43
76,32,44
77,32,45
78,32,46
79,32,47
80,33,47
81,34,47
82,34,48
83,34,49
84,35,49
85,35,50
86,36,50
87,37,50
88,38,50
89,39,50
90,39,51
91,40,51
92,41,51
93,42,51
94,43,51
95,43,52
96,44,52
97,45,52
98,45,53
99,46,53
100,47,53
101,47,54
102,48,54
103,49,54
104,49,55
105,49,56
106,49,57
107,49,58
108,49,59
109,50,59
110,50,60
111,50,61
112,50,62
113,50,63
114,51,63
115,51,64
116,51,65
117,51,66
118,51,67
119,51,68
120,51,69
121,52,69
122,52,70
123,53,70
124,54,70
125,55,70
126,55,71
127,55,72
128,55,73
129,55,74
130,55,75
131,55,76
132,55,77
133,55,78
134,55,79
135,56,79
136,56,80
137,56,81
138,57,81
139,57,82
140,57,83
141,58,83
142,59,83
143,59,84
144,60,84
145,60,85
146,61,85
147,62,85
148,63,85
149,63,86
150,63,87
151,63,88
152,64,88
153,64,89
154,64,90
155,64,91
156,64,92
157,65,92
158,66,92
159,66,93
160,67,93
161,68,93
162,69,93
163,69,94
164,69,95
165,69,96
166,70,96
167,70,97
168,71,97
169,71,98
170,72,98
171,73,98
172,74,98
173,75,98
174,75,99
175,75,100
176,75,101
177,75,102
178,75,103
179,75,104
180,76,104
181,76,105
182,76,106
183,76,107
184,77,107
185,77,108
186,78,108
187,79,108
188,80,108
189,80,109
190,81,109
191,82,109
192,83,109
193,84,109
194,84,110
195,84,111
196,84,112
197,84,113
198,85,113
199,85,114
200,86,114
201,86,115
202,87,115
203,87,116
204,88,116
205,88,117
206,88,118
207,89,118
208,90,118
209,91,118
210,91,119
211,91,120
212,91,121
213,92,121
214,92,122
215,93,122
216,93,123
217,93,124
218,94,124
219,95,124
220,95,125
221,96,125
222,97,125
223,97,126
224,97,127
225,97,128
226,97,129
227,97,130
228,97,131
229,97,132
230,97,133
231,97,134
232,98,134
233,99,134
234,100,134
235,100,135
236,101,135
237,101,136
238,101,137
239,102,137
240,102,138
241,102,139
242,103,139
243,103,140
244,104,140
245,104,141
246,104,142
247,105,142
248,106,142
249,107,142
250,107,143
251,107,144
252,108,144
253,108,145
254,108,146
255,109,146
256,110,146
257,110,147
258,110,148
259,110,149
260,110,150
261,110,151
262,110,152
263,110,153
264,111,153
265,112,153
266,112,154
267,112,155
268,112,156
269,112,157
270,112,158
271,112,159
272,112,160
273,113,160
274,113,161
275,113,162
276,113,163
277,113,164
278,113,165
279,114,165
280,114,166
281,114,167
282,114,168
283,114,169
284,115,169
285,116,169
286,116,170
287,117,170
288,117,171
289,118,171
290,119,171
291,120,171
292,120,172
293,121,172
294,122,172
295,123,172
296,124,172
297,124,173
298,124,174
299,125,174
300,126,174
301,127,174
302,128,174
303,128,175
304,129,175
305,129,176
306,130,176
307,130,177
308,130,178
309,130,179
310,131,179
311,131,180
312,132,180
313,132,181
314,133,181
315,134,181
316,134,182
317,135,182
318,136,182
319,136,183
320,137,183
321,137,184
322,137,185
323,137,186
324,137,187
325,137,188
326,137,189
327,137,190
328,137,191
329,138,191
330,138,192
331,139,192
332,139,193
333,139,194
334,140,194
335,141,194
336,141,195
337,141,196
338,141,197
339,141,198
340,141,199
341,142,199
342,142,200
343,142,201
344,143,201
345,143,202
346,143,203
347,144,203
348,145,203
349,145,204
350,146,204
351,147,204
352,148,204
353,148,205
354,148,206
355,148,207
356,149,207
357,150,207
358,151,207
359,152,207
360,153,207
361,153,208
362,153,209
363,153,210
364,153,211
365,153,212
366,154,212
367,154,213
368,155,213
369,156,213
370,157,213
371,158,213
372,158,214
373,159,214
374,159,215
375,159,216
376,159,217
377,159,218
378,159,219
379,159,220
380,160,220
381,160,221
382,160,222
383,160,223
384,161,223
385,162,223
386,163,223
387,163,224
388,164,224
389,165,224
390,166,224
391,167,224
392,168,224
393,168,225
394,169,225
395,170,225
396,170,226
397,171,226
398,171,227
399,171,228
400,171,229
401,171,230
402,171,231
403,171,232
404,172,232
405,172,233
406,172,234
407,172,235
408,172,236
409,173,236
410,174,236
411,175,236
412,175,237
413,176,237
414,176,238
415,177,238
416,177,239
417,178,239
418,179,239
419,179,240
420,179,241
421,179,242
422,180,242
423,181,242
424,182,242
425,182,243
426,182,244
427,183,244
428,184,244
429,185,244
430,185,245
431,186,245
432,187,245
433,187,246
434,187,247
435,187,248
436,187,249
437,188,249
438,188,250
439,188,251
440,189,251
441,189,252
442,189,253
443,189,254
444,189,255
445,189,256
446,189,257
447,189,258
448,189,259
449,189,260
450,190,260
451,191,260
452,191,261
453,192,261
454,193,261
455,194,261
456,194,262
457,195,262
458,195,263
459,196,263
460,196,264
461,196,265
462,196,266
463,197,266
464,198,266
465,198,267
466,199,267
467,199,268
468,200,268
469,200,269
470,201,269
471,201,270
472,202,270
473,203,270
474,203,271
475,204,271
476,205,271
477,205,272
478,205,273
479,205,274
480,206,274
481,207,274
482,208,274
483,208,275
484,208,276
485,208,277
486,208,278
487,208,279
488,208,280
489,209,280
490,210,280
491,211,280
492,211,281
493,211,282
494,212,282
495,213,282
496,213,283
497,214,283
498,215,283
499,215,284
500,216,284
