1,0,1
2,0,2
3,0,3
4,0,4
5,1,4
6,2,4
7,3,4
8,4,4
9,4,5
10,4,6
11,5,6
12,5,7
13,6,7
14,6,8
15,6,9
16,6,10
17,6,11
18,6,12
19,6,13
20,7,13
21,8,13
22,9,13
23,9,14
24,9,15
25,9,16
26,10,16
27,10,17
28,11,17
29,12,17
30,12,18
31,13,18
32,13,19
33,13,20
34,13,21
35,14,21
36,14,22
37,14,23
38,14,24
39,14,25
40,15,25
41,16,25
42,16,26
43,17,26
44,17,27
45,18,27
46,19,27
47,20,27
48,21,27
49,21,28
50,22,28
51,22,29
52,23,29
53,23,30
54,23,31
55,23,32
56,24,32
57,25,32
58,26,32
59,27,32
60,28,32
61,29,32
62,30,32
63,30,33
64,31,33
65,31,34
66,32,34
67,33,34
68,33,35
69,33,36
70,34,36
71,34,37
72,34,38
73,34,39
74,35,39
75,36,39
76,36,40
77,36,41
78,36,42
79,36,43
80,36,44
81,37,44
82,38,44
83,38,45
84,38,46
85,39,46
86,39,47
87,39,48
88,39,49
89,40,49
90,40,50
91,41,50
92,41,51
93,41,52
94,41,53
95,41,54
96,41,55
97,41,56
98,41,57
99,41,58
100,41,59
101,42,59
102,43,59
103,44,59
104,44,60
105,44,61
106,44,62
107,44,63
108,44,64
109,44,65
110,44,66
111,44,67
112,45,67
113,45,68
114,46,68
115,46,69
116,46,70
117,46,71
118,47,71
119,47,72
120,47,73
121,48,73
122,49,73
123,50,73
124,50,74
125,51,74
126,52,74
127,53,74
128,53,75
129,54,75
130,55,75
131,55,76
132,55,77
133,55,78
134,56,78
135,56,79
136,57,79
137,58,79
138,59,79
139,60,79
140,61,79
141,62,79
142,63,79
143,64,79
144,65,79
145,65,80
146,65,81
147,66,81
148,67,81
149,67,82
150,67,83
151,68,83
152,69,83
153,70,83
154,70,84
155,71,84
156,71,85
157,72,85
158,72,86
159,73,86
160,73,87
161,73,88
162,73,89
163,73,90
164,73,91
165,73,92
166,73,93
167,73,94
168,73,95
169,73,96
170,73,97
171,73,98
172,73,99
173,74,99
174,74,100
175,74,101
176,75,101
177,75,102
178,76,102
179,77,102
180,78,102
181,79,102
182,79,103
183,79,104
184,79,105
185,79,106
186,79,107
187,79,108
188,80,108
189,80,109
190,80,110
191,80,111
192,81,111
193,82,111
194,83,111
195,83,112
196,83,113
197,84,113
198,84,114
199,85,114
200,85,115
201,85,116
202,85,117
203,86,117
204,86,118
205,87,118
206,87,119
207,87,120
208,88,120
209,88,121
210,88,122
211,88,123
212,89,123
213,90,123
214,91,123
215,91,124
216,92,124
217,92,125
218,93,125
219,93,126
220,94,126
221,95,126
222,95,127
223,96,127
224,97,127
225,97,128
226,98,128
227,98,129
228,99,129
229,99,130
230,99,131
231,99,132
232,100,132
233,100,133
234,100,134
235,101,134
236,102,134
237,102,135
238,102,136
239,102,137
240,103,137
241,104,137
242,104,138
243,105,138
244,105,139
245,106,139
246,107,139
247,107,140
248,107,141
249,107,142
250,108,142
251,109,142
252,110,142
253,111,142
254,111,143
255,111,144
256,112,144
257,113,144
258,113,145
259,113,146
260,113,147
261,113,148
262,113,149
263,113,150
264,113,151
265,113,152
266,114,152
267,114,153
268,114,154
269,114,155
270,115,155
271,115,156
272,115,157
273,116,157
274,116,158
275,116,159
276,117,159
277,118,159
278,118,160
279,118,161
280,119,161
281,119,162
282,120,162
283,121,162
284,121,163
285,121,164
286,121,165
287,122,165
288,123,165
289,123,166
290,123,167
291,124,167
292,124,168
293,125,168
294,125,169
295,125,170
296,125,171
297,126,171
298,126,172
299,126,173
300,127,173
301,127,174
302,127,175
303,127,176
304,128,176
305,128,177
306,128,178
307,129,178
308,129,179
309,130,179
310,131,179
311,131,180
312,131,181
313,131,182
314,131,183
315,132,183
316,133,183
317,133,184
318,133,185
319,133,186
320,134,186
321,134,187
322,135,187
323,135,188
324,136,188
325,137,188
326,138,188
327,138,189
328,139,189
329,139,190
330,139,191
331,140,191
332,141,191
333,142,191
334,142,192
335,143,192
336,143,193
337,143,194
338,144,194
339,145,194
340,145,195
341,145,196
342,145,197
343,145,198
344,145,199
345,145,200
346,145,201
347,145,202
348,146,202
349,146,203
350,146,204
351,147,204
352,147,205
353,147,206
354,148,206
355,149,206
356,149,207
357,149,208
358,150,208
359,150,209
360,150,210
361,151,210
362,152,210
363,152,211
364,152,212
365,152,213
366,152,214
367,152,215
368,152,216
369,153,216
370,153,217
371,153,218
372,153,219
373,153,220
374,154,220
375,155,220
376,155,221
377,156,221
378,157,221
379,157,222
380,157,223
381,158,223
382,158,224
383,158,225
384,159,225
385,159,226
386,160,226
387,161,226
388,161,227
389,161,228
390,162,228
391,162,229
392,162,230
393,163,230
394,164,230
395,164,231
396,164,232
397,165,232
398,166,232
399,166,233
400,166,234
401,167,234
402,168,234
403,168,235
404,168,236
405,169,236
406,170,236
407,170,237
408,170,238
409,170,239
410,170,240
411,170,241
412,171,241
413,171,242
414,171,243
415,172,243
416,172,244
417,172,245
418,173,245
419,173,246
420,173,247
421,173,248
422,173,249
423,173,250
424,173,251
425,173,252
426,173,253
427,174,253
428,174,254
429,175,254
430,176,254
431,176,255
432,177,255
433,177,256
434,177,257
435,178,257
436,178,258
437,179,258
438,179,259
439,179,260
440,179,261
441,180,261
442,180,262
443,180,263
444,181,263
445,182,263
446,182,264
447,183,264
448,183,265
449,183,266
450,184,266
451,184,267
452,184,268
453,184,269
454,184,270
455,184,271
456,185,271
457,186,271
458,187,271
459,188,271
460,189,271
461,189,272
462,190,272
463,190,273
464,191,273
465,191,274
466,191,275
467,191,276
468,192,276
469,192,277
470,192,278
471,192,279
472,192,280
473,193,280
474,193,281
475,194,281
476,194,282
477,195,282
478,196,282
479,196,283
480,197,283
481,198,283
482,199,283
483,200,283
484,201,283
485,201,284
486,201,285
487,202,285
488,203,285
489,203,286
490,203,287
491,204,287
492,205,287
493,206,287
494,207,287
495,208,287
496,209,287
497,210,287
498,211,287
499,211,288
500,212,288
