1,1,0
2,1,1
3,2,1
4,3,1
5,4,1
6,5,1
7,6,1
8,7,1
9,8,1
10,8,2
11,8,3
12,8,4
13,9,4
14,10,4
15,10,5
16,10,6
17,10,7
18,11,7
19,11,8
20,11,9
21,12,9
22,12,10
23,12,11
24,12,12
25,13,12
26,14,12
27,15,12
28,16,12
29,16,13
30,16,14
31,17,14
32,18,14
33,18,15
34,18,16
35,19,16
36,19,17
37,19,18
38,19,19
39,19,20
40,19,21
41,19,22
42,19,23
43,20,23
44,21,23
45,21,24
46,22,24
47,22,25
48,22,26
49,22,27
50,22,28
51,22,29
52,23,29
53,24,29
54,25,29
55,25,30
56,26,30
57,27,30
58,28,30
59,28,31
60,28,32
61,28,33
62,28,34
63,29,34
64,30,34
65,30,35
66,30,36
67,30,37
68,30,38
69,31,38
70,31,39
71,31,40
72,31,41
73,32,41
74,33,41
75,33,42
76,34,42
77,35,42
78,35,43
79,36,43
80,37,43
81,37,44
82,37,45
83,37,46
84,38,46
85,39,46
86,39,47
87,39,48
88,39,49
89,39,50
90,40,50
91,40,51
92,41,51
93,42,51
94,42,52
95,43,52
96,44,52
97,44,53
98,44,54
99,44,55
100,45,55
101,45,56
102,45,57
103,45,58
104,45,59
105,46,59
106,46,60
107,46,61
108,46,62
109,47,62
110,47,63
111,48,63
112,49,63
113,50,63
114,51,63
115,51,64
116,52,64
117,52,65
118,52,66
119,53,66
120,53,67
121,54,67
122,54,68
123,54,69
124,54,70
125,54,71
126,54,72
127,54,73
128,54,74
129,55,74
130,56,74
131,56,75
132,56,76
133,57,76
134,57,77
135,57,78
136,57,79
137,58,79
138,58,80
139,59,80
140,60,80
141,61,80
142,62,80
143,62,81
144,62,82
145,62,83
146,62,84
147,63,84
148,64,84
149,64,85
150,65,85
151,65,86
152,66,86
153,66,87
154,66,88
155,66,89
156,66,90
157,66,91
158,67,91
159,68,91
160,68,92
161,69,92
162,69,93
163,69,94
164,70,94
165,71,94
166,71,95
167,72,95
168,73,95
169,73,96
170,74,96
171,75,96
172,75,97
173,76,97
174,76,98
175,77,98
176,78,98
177,78,99
178,79,99
179,79,100
180,79,101
181,79,102
182,80,102
183,81,102
184,81,103
185,81,104
186,82,104
187,82,105
188,83,105
189,83,106
190,83,107
191,83,108
192,83,109
193,84,109
194,85,109
195,85,110
196,86,110
197,87,110
198,87,111
199,87,112
200,87,113
201,87,114
202,87,115
203,87,116
204,88,116
205,88,117
206,89,117
207,89,118
208,89,119
209,89,120
210,89,121
211,89,122
212,90,122
213,90,123
214,91,123
215,92,123
216,93,123
217,94,123
218,94,124
219,94,125
220,95,125
221,96,125
222,96,126
223,96,127
224,97,127
225,98,127
226,99,127
227,99,128
228,99,129
229,100,129
230,100,130
231,101,130
232,101,131
233,102,131
234,102,132
235,102,133
236,102,134
237,102,135
238,102,136
239,103,136
240,103,137
241,104,137
242,104,138
243,104,139
244,105,139
245,106,139
246,106,140
247,106,141
248,106,142
249,106,143
250,106,144
251,106,145
252,106,146
253,107,146
254,108,146
255,109,146
256,109,147
257,109,148
258,110,148
259,110,149
260,111,149
261,111,150
262,112,150
263,112,151
264,112,152
265,113,152
266,113,153
267,114,153
268,114,154
269,114,155
270,114,156
271,114,157
272,115,157
273,116,157
274,117,157
275,118,157
276,118,158
277,119,158
278,120,158
279,121,158
280,121,159
281,121,160
282,121,161
283,121,162
284,121,163
285,121,164
286,122,164
287,122,165
288,123,165
289,124,165
290,124,166
291,125,166
292,126,166
293,126,167
294,126,168
295,127,168
296,127,169
297,127,170
298,127,171
299,128,171
300,128,172
301,128,173
302,128,174
303,129,174
304,129,175
305,129,176
306,130,176
307,131,176
308,132,176
309,133,176
310,133,177
311,133,178
312,133,179
313,134,179
314,134,180
315,134,181
316,134,182
317,135,182
318,135,183
319,135,184
320,136,184
321,137,184
322,137,185
323,138,185
324,138,186
325,138,187
326,139,187
327,140,187
328,140,188
329,140,189
330,141,189
331,142,189
332,143,189
333,144,189
334,145,189
335,145,190
336,145,191
337,145,192
338,146,192
339,147,192
340,148,192
341,148,193
342,149,193
343,149,194
344,150,194
345,150,195
346,150,196
347,150,197
348,150,198
349,150,199
350,150,200
351,150,201
352,150,202
353,151,202
354,152,202
355,152,203
356,153,203
357,153,204
358,154,204
359,154,205
360,154,206
361,155,206
362,155,207
363,156,207
364,156,208
365,157,208
366,158,208
367,158,209
368,158,210
369,159,210
370,159,211
371,159,212
372,159,213
373,159,214
374,159,215
375,159,216
376,159,217
377,160,217
378,160,218
379,160,219
380,161,219
381,161,220
382,161,221
383,161,222
384,161,223
385,162,223
386,162,224
387,162,225
388,162,226
389,163,226
390,163,227
391,164,227
392,165,227
393,166,227
394,167,227
395,167,228
396,168,228
397,168,229
398,168,230
399,169,230
400,170,230
401,170,231
402,170,232
403,170,233
404,170,234
405,171,234
406,171,235
407,171,236
408,172,236
409,172,237
410,173,237
411,173,238
412,173,239
413,173,240
414,174,240
415,175,240
416,175,241
417,175,242
418,176,242
419,176,243
420,177,243
421,177,244
422,177,245
423,178,245
424,179,245
425,180,245
426,180,246
427,180,247
428,180,248
429,180,249
430,180,250
431,180,251
432,180,252
433,181,252
434,181,253
435,181,254
436,182,254
437,182,255
438,182,256
439,183,256
440,184,256
441,184,257
442,184,258
443,184,259
444,184,260
445,185,260
446,185,261
447,186,261
448,186,262
449,187,262
450,188,262
451,188,263
452,188,264
453,189,264
454,190,264
455,190,265
456,191,265
457,192,265
458,193,265
459,193,266
460,194,266
461,195,266
462,195,267
463,196,267
464,196,268
465,196,269
466,197,269
467,197,270
468,198,270
469,198,271
470,198,272
471,198,273
472,199,273
473,199,274
474,199,275
475,200,275
476,201,275
477,201,276
478,201,277
479,201,278
480,201,279
481,202,279
482,202,280
483,202,281
484,203,281
485,204,281
486,204,282
487,205,282
488,206,282
489,207,282
490,208,282
491,208,283
492,208,284
493,208,285
494,208,286
495,209,286
496,209,287
497,209,288
498,210,288
499,211,288
500,212,288
