1,1,0
2,1,1
3,2,1
4,3,1
5,4,1
6,4,2
7,4,3
8,4,4
9,4,5
10,5,5
11,6,5
12,6,6
13,7,6
14,7,7
15,8,7
16,8,8
17,8,9
18,9,9
19,9,10
20,10,10
21,10,11
22,10,12
23,10,13
24,10,14
25,11,14
26,12,14
27,12,15
28,12,16
29,12,17
30,13,17
31,14,17
32,15,17
33,16,17
34,17,17
35,17,18
36,17,19
37,18,19
38,18,20
39,18,21
40,19,21
41,20,21
42,20,22
43,21,22
44,22,22
45,23,22
46,24,22
47,25,22
48,25,23
49,25,24
50,25,25
51,26,25
52,26,26
53,26,27
54,26,28
55,26,29
56,27,29
57,28,29
58,28,30
59,29,30
60,29,31
61,30,31
62,30,32
63,30,33
64,30,34
65,30,35
66,31,35
67,32,35
68,33,35
69,34,35
70,35,35
71,36,35
72,36,36
73,37,36
74,37,37
75,38,37
76,38,38
77,39,38
78,40,38
79,40,39
80,41,39
81,42,39
82,42,40
83,42,41
84,43,41
85,43,42
86,43,43
87,43,44
88,43,45
89,44,45
90,45,45
91,46,45
92,46,46
93,47,46
94,48,46
95,48,47
96,49,47
97,49,48
98,49,49
99,50,49
100,51,49
101,51,50
102,52,50
103,52,51
104,53,51
105,53,52
106,53,53
107,53,54
108,53,55
109,53,56
110,54,56
111,54,57
112,55,57
113,55,58
114,56,58
115,57,58
116,58,58
117,59,58
118,59,59
119,60,59
120,61,59
121,62,59
122,63,59
123,63,60
124,64,60
125,64,61
126,65,61
127,66,61
128,66,62
129,67,62
130,68,62
131,68,63
132,68,64
133,69,64
134,69,65
135,70,65
136,71,65
137,72,65
138,72,66
139,73,66
140,73,67
141,73,68
142,73,69
143,73,70
144,73,71
145,73,72
146,74,72
147,74,73
148,75,73
149,76,73
150,76,74
151,76,75
152,77,75
153,78,75
154,78,76
155,78,77
156,78,78
157,78,79
158,78,80
159,78,81
160,79,81
161,79,82
162,80,82
163,81,82
164,81,83
165,81,84
166,81,85
167,82,85
168,82,86
169,83,86
170,84,86
171,84,87
172,84,88
173,85,88
174,85,89
175,86,89
176,87,89
177,88,89
178,89,89
179,89,90
180,89,91
181,90,91
182,90,92
183,91,92
184,92,92
185,92,93
186,92,94
187,92,95
188,92,96
189,92,97
190,93,97
191,93,98
192,94,98
193,94,99
194,95,99
195,95,100
196,95,101
197,96,101
198,97,101
199,98,101
200,98,102
201,99,102
202,99,103
203,100,103
204,100,104
205,100,105
206,100,106
207,100,107
208,100,108
209,101,108
210,101,109
211,102,109
212,102,110
213,103,110
214,104,110
215,105,110
216,106,110
217,107,110
218,108,110
219,109,110
220,109,111
221,109,112
222,110,112
223,111,112
224,112,112
225,112,113
226,112,114
227,112,115
228,113,115
229,113,116
230,114,116
231,115,116
232,115,117
233,116,117
234,117,117
235,118,117
236,118,118
237,118,119
238,118,120
239,118,121
240,118,122
241,118,123
242,118,124
243,118,125
244,118,126
245,118,127
246,119,127
247,119,128
248,120,128
249,120,129
250,121,129
251,122,129
252,123,129
253,124,129
254,125,129
255,126,129
256,126,130
257,127,130
258,128,130
259,129,130
260,129,131
261,129,132
262,129,133
263,129,134
264,130,134
265,131,134
266,131,135
267,132,135
268,133,135
269,134,135
270,135,135
271,135,136
272,135,137
273,136,137
274,136,138
275,137,138
276,138,138
277,139,138
278,139,139
279,139,140
280,140,140
281,140,141
282,140,142
283,140,143
284,141,143
285,141,144
286,141,145
287,142,145
288,142,146
289,143,146
290,144,146
291,144,147
292,145,147
293,146,147
294,147,147
295,147,148
296,148,148
297,148,149
298,149,149
299,150,149
300,150,150
301,150,151
302,151,151
303,151,152
304,152,152
305,152,153
306,152,154
307,152,155
308,152,156
309,152,157
310,152,158
311,153,158
312,153,159
313,153,160
314,153,161
315,154,161
316,154,162
317,154,163
318,155,163
319,156,163
320,157,163
321,157,164
322,158,164
323,159,164
324,159,165
325,160,165
326,160,166
327,161,166
328,162,166
329,162,167
330,163,167
331,164,167
332,165,167
333,166,167
334,166,168
335,167,168
336,168,168
337,168,169
338,168,170
339,169,170
340,169,171
341,169,172
342,170,172
343,171,172
344,172,172
345,172,173
346,172,174
347,173,174
348,174,174
349,175,174
350,176,174
351,176,175
352,176,176
353,177,176
354,177,177
355,178,177
356,178,178
357,178,179
358,179,179
359,179,180
360,179,181
361,180,181
362,180,182
363,180,183
364,181,183
365,182,183
366,182,184
367,183,184
368,184,184
369,185,184
370,185,185
371,185,186
372,185,187
373,185,188
374,186,188
375,186,189
376,187,189
377,188,189
378,189,189
379,190,189
380,191,189
381,192,189
382,192,190
383,193,190
384,194,190
385,194,191
386,195,191
387,195,192
388,195,193
389,196,193
390,196,194
391,196,195
392,196,196
393,197,196
394,197,197
395,197,198
396,198,198
397,199,198
398,199,199
399,200,199
400,200,200
401,200,201
402,201,201
403,202,201
404,203,201
405,203,202
406,204,202
407,205,202
408,205,203
409,206,203
410,207,203
411,208,203
412,209,203
413,209,204
414,209,205
415,210,205
416,210,206
417,210,207
418,211,207
419,211,208
420,212,208
421,212,209
422,212,210
423,213,210
424,214,210
425,215,210
426,215,211
427,216,211
428,217,211
429,217,212
430,218,212
431,218,213
432,219,213
433,220,213
434,220,214
435,220,215
436,220,216
437,221,216
438,221,217
439,222,217
440,222,218
441,222,219
442,223,219
443,224,219
444,224,220
445,224,221
446,225,221
447,226,221
448,227,221
449,227,222
450,227,223
451,228,223
452,229,223
453,229,224
454,230,224
455,230,225
456,230,226
457,231,226
458,231,227
459,232,227
460,233,227
461,233,228
462,233,229
463,234,229
464,234,230
465,234,231
466,235,231
467,235,232
468,235,233
469,235,234
470,236,234
471,236,235
472,237,235
473,237,236
474,238,236
475,238,237
476,239,237
477,240,237
478,240,238
479,240,239
480,241,239
481,241,240
482,242,240
483,243,240
484,244,240
485,244,241
486,244,242
487,244,243
488,245,243
489,246,243
490,247,243
491,247,244
492,248,244
493,249,244
494,250,244
495,250,245
496,250,246
497,250,247
498,250,248
499,250,249
500,250,250
