1,1,0
2,2,0
3,3,0
4,3,1
5,4,1
6,4,2
7,4,3
8,4,4
9,4,5
10,4,6
11,5,6
12,5,7
13,5,8
14,5,9
15,5,10
16,5,11
17,6,11
18,7,11
19,8,11
20,9,11
21,9,12
22,10,12
23,10,13
24,11,13
25,12,13
26,13,13
27,14,13
28,15,13
29,16,13
30,17,13
31,18,13
32,18,14
33,19,14
34,19,15
35,19,16
36,19,17
37,20,17
38,21,17
39,21,18
40,22,18
41,22,19
42,22,20
43,22,21
44,22,22
45,22,23
46,22,24
47,22,25
48,22,26
49,23,26
50,23,27
51,24,27
52,24,28
53,25,28
54,26,28
55,27,28
56,28,28
57,28,29
58,28,30
59,28,31
60,28,32
61,28,33
62,28,34
63,28,35
64,28,36
65,29,36
66,29,37
67,29,38
68,29,39
69,30,39
70,31,39
71,32,39
72,33,39
73,33,40
74,34,40
75,34,41
76,35,41
77,35,42
78,35,43
79,36,43
80,36,44
81,37,44
82,38,44
83,38,45
84,38,46
85,38,47
86,38,48
87,39,48
88,39,49
89,40,49
90,41,49
91,41,50
92,41,51
93,42,51
94,42,52
95,42,53
96,43,53
97,43,54
98,43,55
99,44,55
100,45,55
101,45,56
102,45,57
103,45,58
104,46,58
105,47,58
106,47,59
107,48,59
108,48,60
109,49,60
110,49,61
111,50,61
112,50,62
113,50,63
114,51,63
115,52,63
116,53,63
117,53,64
118,54,64
119,55,64
120,55,65
121,55,66
122,55,67
123,55,68
124,55,69
125,56,69
126,56,70
127,56,71
128,57,71
129,57,72
130,57,73
131,57,74
132,58,74
133,59,74
134,59,75
135,59,76
136,60,76
137,60,77
138,61,77
139,61,78
140,61,79
141,62,79
142,62,80
143,62,81
144,63,81
145,63,82
146,63,83
147,64,83
148,65,83
149,66,83
150,66,84
151,66,85
152,66,86
153,67,86
154,67,87
155,67,88
156,67,89
157,68,89
158,68,90
159,68,91
160,68,92
161,68,93
162,68,94
163,68,95
164,68,96
165,69,96
166,69,97
167,69,98
168,69,99
169,69,100
170,70,100
171,71,100
172,72,100
173,72,101
174,72,102
175,72,103
176,72,104
177,72,105
178,72,106
179,73,106
180,74,106
181,74,107
182,75,107
183,76,107
184,76,108
185,76,109
186,76,110
187,76,111
188,77,111
189,77,112
190,78,112
191,78,113
192,78,114
193,79,114
194,80,114
195,80,115
196,80,116
197,81,116
198,81,117
199,82,117
200,82,118
201,83,118
202,83,119
203,84,119
204,85,119
205,85,120
206,86,120
207,86,121
208,87,121
209,87,122
210,88,122
211,89,122
212,90,122
213,90,123
214,90,124
215,90,125
216,91,125
217,92,125
218,92,126
219,92,127
220,92,128
221,92,129
222,92,130
223,93,130
224,93,131
225,93,132
226,94,132
227,94,133
228,94,134
229,95,134
230,95,135
231,96,135
232,96,136
233,96,137
234,96,138
235,96,139
236,97,139
237,98,139
238,98,140
239,99,140
240,100,140
241,100,141
242,100,142
243,100,143
244,101,143
245,101,144
246,101,145
247,101,146
248,101,147
249,101,148
250,102,148
251,102,149
252,103,149
253,104,149
254,104,150
255,105,150
256,106,150
257,106,151
258,107,151
259,107,152
260,108,152
261,109,152
262,109,153
263,109,154
264,109,155
265,110,155
266,110,156
267,110,157
268,110,158
269,110,159
270,110,160
271,111,160
272,111,161
273,111,162
274,112,162
275,112,163
276,112,164
277,112,165
278,113,165
279,113,166
280,113,167
281,114,167
282,114,168
283,115,168
284,115,169
285,116,169
286,116,170
287,116,171
288,117,171
289,118,171
290,118,172
291,119,172
292,120,172
293,120,173
294,120,174
295,120,175
296,121,175
297,121,176
298,122,176
299,122,177
300,123,177
301,123,178
302,123,179
303,124,179
304,125,179
305,125,180
306,126,180
307,126,181
308,127,181
309,127,182
310,128,182
311,129,182
312,129,183
313,129,184
314,129,185
315,130,185
316,130,186
317,131,186
318,131,187
319,132,187
320,132,188
321,132,189
322,132,190
323,132,191
324,133,191
325,133,192
326,133,193
327,134,193
328,135,193
329,136,193
330,136,194
331,136,195
332,136,196
333,136,197
334,137,197
335,137,198
336,137,199
337,138,199
338,139,199
339,139,200
340,140,200
341,141,200
342,142,200
343,142,201
344,143,201
345,143,202
346,143,203
347,143,204
348,143,205
349,143,206
350,143,207
351,144,207
352,144,208
353,144,209
354,145,209
355,145,210
356,146,210
357,146,211
358,146,212
359,146,213
360,146,214
361,146,215
362,146,216
363,146,217
364,147,217
365,148,217
366,148,218
367,149,218
368,149,219
369,149,220
370,149,221
371,149,222
372,150,222
373,150,223
374,150,224
375,151,224
376,151,225
377,152,225
378,153,225
379,153,226
380,154,226
381,154,227
382,155,227
383,155,228
384,155,229
385,156,229
386,156,230
387,157,230
388,158,230
389,159,230
390,160,230
391,160,231
392,160,232
393,161,232
394,161,233
395,161,234
396,162,234
397,163,234
398,163,235
399,164,235
400,164,236
401,164,237
402,164,238
403,164,239
404,164,240
405,165,240
406,165,241
407,166,241
408,166,242
409,167,242
410,167,243
411,168,243
412,168,244
413,169,244
414,170,244
415,170,245
416,171,245
417,171,246
418,172,246
419,172,247
420,172,248
421,173,248
422,173,249
423,174,249
424,175,249
425,176,249
426,176,250
427,176,251
428,176,252
429,177,252
430,177,253
431,178,253
432,178,254
433,179,254
434,179,255
435,180,255
436,180,256
437,180,257
438,180,258
439,181,258
440,181,259
441,182,259
442,182,260
443,182,261
444,183,261
445,184,261
446,184,262
447,184,263
448,184,264
449,184,265
450,185,265
451,185,266
452,186,266
453,187,266
454,187,267
455,187,268
456,187,269
457,188,269
458,188,270
459,189,270
460,189,271
461,189,272
462,189,273
463,189,274
464,190,274
465,190,275
466,191,275
467,192,275
468,193,275
469,193,276
470,194,276
471,194,277
472,195,277
473,196,277
474,197,277
475,197,278
476,198,278
477,198,279
478,198,280
479,198,281
480,199,281
481,200,281
482,200,282
483,200,283
484,200,284
485,201,284
486,202,284
487,202,285
488,203,285
489,204,285
490,204,286
491,204,287
492,204,288
493,205,288
494,206,288
495,207,288
496,208,288
497,209,288
498,210,288
499,211,288
500,212,288
