1,0,1
2,1,1
3,1,2
4,1,3
5,1,4
6,2,4
7,2,5
8,3,5
9,4,5
10,5,5
11,6,5
12,6,6
13,6,7
14,6,8
15,6,9
16,6,10
17,6,11
18,7,11
19,8,11
20,9,11
21,10,11
22,11,11
23,11,12
24,11,13
25,11,14
26,11,15
27,12,15
28,13,15
29,14,15
30,15,15
31,15,16
32,15,17
33,16,17
34,17,17
35,17,18
36,18,18
37,18,19
38,18,20
39,18,21
40,19,21
41,19,22
42,19,23
43,19,24
44,19,25
45,20,25
46,21,25
47,21,26
48,22,26
49,22,27
50,22,28
51,22,29
52,22,30
53,22,31
54,23,31
55,23,32
56,24,32
57,25,32
58,25,33
59,25,34
60,25,35
61,26,35
62,27,35
63,27,36
64,28,36
65,29,36
66,30,36
67,30,37
68,31,37
69,31,38
70,31,39
71,31,40
72,31,41
73,32,41
74,32,42
75,32,43
76,32,44
77,32,45
78,32,46
79,33,46
80,33,47
81,33,48
82,33,49
83,33,50
84,33,51
85,34,51
86,35,51
87,36,51
88,37,51
89,38,51
90,39,51
91,39,52
92,40,52
93,41,52
94,42,52
95,42,53
96,42,54
97,43,54
98,43,55
99,44,55
100,44,56
101,44,57
102,44,58
103,45,58
104,45,59
105,45,60
106,46,60
107,47,60
108,48,60
109,48,61
110,49,61
111,50,61
112,50,62
113,50,63
114,51,63
115,51,64
116,51,65
117,51,66
118,51,67
119,52,67
120,52,68
121,53,68
122,53,69
123,54,69
124,55,69
125,55,70
126,56,70
127,56,71
128,57,71
129,57,72
130,58,72
131,58,73
132,58,74
133,58,75
134,59,75
135,59,76
136,60,76
137,61,76
138,61,77
139,61,78
140,61,79
141,62,79
142,62,80
143,63,80
144,64,80
145,65,80
146,65,81
147,65,82
148,65,83
149,65,84
150,65,85
151,65,86
152,66,86
153,67,86
154,67,87
155,67,88
156,67,89
157,68,89
158,68,90
159,68,91
160,69,91
161,70,91
162,71,91
163,72,91
164,73,91
165,73,92
166,73,93
167,73,94
168,74,94
169,74,95
170,75,95
171,75,96
172,76,96
173,77,96
174,77,97
175,78,97
176,78,98
177,78,99
178,78,100
179,78,101
180,79,101
181,80,101
182,80,102
183,80,103
184,80,104
185,81,104
186,82,104
187,82,105
188,82,106
189,83,106
190,83,107
191,83,108
192,83,109
193,84,109
194,84,110
195,84,111
196,84,112
197,85,112
198,85,113
199,85,114
200,85,115
201,85,116
202,86,116
203,87,116
204,88,116
205,88,117
206,88,118
207,88,119
208,89,119
209,89,120
210,89,121
211,90,121
212,90,122
213,91,122
214,91,123
215,91,124
216,91,125
217,91,126
218,91,127
219,91,128
220,91,129
221,92,129
222,92,130
223,92,131
224,92,132
225,92,133
226,93,133
227,93,134
228,94,134
229,95,134
230,95,135
231,95,136
232,96,136
233,96,137
234,96,138
235,97,138
236,98,138
237,99,138
238,100,138
239,100,139
240,100,140
241,101,140
242,102,140
243,102,141
244,103,141
245,103,142
246,104,142
247,104,143
248,105,143
249,106,143
250,106,144
251,107,144
252,107,145
253,107,146
254,108,146
255,108,147
256,108,148
257,108,149
258,108,150
259,108,151
260,108,152
261,108,153
262,108,154
263,108,155
264,108,156
265,109,156
266,110,156
267,111,156
268,111,157
269,111,158
270,111,159
271,112,159
272,113,159
273,114,159
274,115,159
275,115,160
276,115,161
277,116,161
278,117,161
279,117,162
280,118,162
281,119,162
282,119,163
283,119,164
284,119,165
285,119,166
286,119,167
287,120,167
288,121,167
289,121,168
290,121,169
291,121,170
292,122,170
293,122,171
294,123,171
295,123,172
296,124,172
297,125,172
298,125,173
299,125,174
300,126,174
301,126,175
302,126,176
303,126,177
304,126,178
305,126,179
306,126,180
307,126,181
308,126,182
309,126,183
310,127,183
311,127,184
312,127,185
313,128,185
314,129,185
315,129,186
316,130,186
317,131,186
318,131,187
319,131,188
320,131,189
321,131,190
322,132,190
323,133,190
324,134,190
325,134,191
326,135,191
327,136,191
328,136,192
329,136,193
330,136,194
331,136,195
332,136,196
333,136,197
334,136,198
335,136,199
336,137,199
337,137,200
338,137,201
339,137,202
340,137,203
341,138,203
342,138,204
343,138,205
344,139,205
345,139,206
346,140,206
347,141,206
348,142,206
349,143,206
350,144,206
351,144,207
352,145,207
353,146,207
354,146,208
355,146,209
356,146,210
357,147,210
358,147,211
359,147,212
360,148,212
361,149,212
362,150,212
363,150,213
364,150,214
365,150,215
366,151,215
367,152,215
368,152,216
369,152,217
370,152,218
371,152,219
372,153,219
373,153,220
374,153,221
375,153,222
376,153,223
377,154,223
378,155,223
379,155,224
380,155,225
381,155,226
382,156,226
383,156,227
384,156,228
385,156,229
386,157,229
387,158,229
388,158,230
389,159,230
390,159,231
391,159,232
392,160,232
393,160,233
394,160,234
395,161,234
396,161,235
397,162,235
398,163,235
399,163,236
400,163,237
401,163,238
402,164,238
403,164,239
404,164,240
405,164,241
406,165,241
407,165,242
408,166,242
409,166,243
410,166,244
411,167,244
412,167,245
413,167,246
414,167,247
415,168,247
416,168,248
417,169,248
418,169,249
419,169,250
420,170,250
421,171,250
422,171,251
423,171,252
424,172,252
425,172,253
426,172,254
427,172,255
428,172,256
429,172,257
430,172,258
431,172,259
432,172,260
433,173,260
434,173,261
435,173,262
436,173,263
437,173,264
438,173,265
439,174,265
440,174,266
441,174,267
442,174,268
443,175,268
444,175,269
445,175,270
446,175,271
447,175,272
448,175,273
449,176,273
450,177,273
451,177,274
452,177,275
453,177,276
454,178,276
455,179,276
456,179,277
457,180,277
458,181,277
459,181,278
460,181,279
461,181,280
462,181,281
463,182,281
464,183,281
465,184,281
466,185,281
467,186,281
468,187,281
469,187,282
470,187,283
471,188,283
472,188,284
473,188,285
474,188,286
475,188,287
476,189,287
477,189,288
478,189,289
479,189,290
480,189,291
481,190,291
482,190,292
483,191,292
484,191,293
485,191,294
486,192,294
487,193,294
488,194,294
489,195,294
490,196,294
491,197,294
492,198,294
493,199,294
494,200,294
495,201,294
496,202,294
497,203,294
498,204,294
499,205,294
500,206,294
