1,0,1
2,0,2
3,0,3
4,0,4
5,0,5
6,1,5
7,2,5
8,3,5
9,3,6
10,3,7
11,4,7
12,5,7
13,5,8
14,5,9
15,5,10
16,6,10
17,6,11
18,7,11
19,8,11
20,8,12
21,8,13
22,8,14
23,8,15
24,8,16
25,8,17
26,9,17
27,9,18
28,10,18
29,10,19
30,10,20
31,11,20
32,11,21
33,12,21
34,12,22
35,12,23
36,13,23
37,13,24
38,14,24
39,15,24
40,15,25
41,15,26
42,16,26
43,17,26
44,17,27
45,17,28
46,17,29
47,17,30
48,17,31
49,17,32
50,18,32
51,18,33
52,18,34
53,19,34
54,19,35
55,19,36
56,20,36
57,21,36
58,21,37
59,21,38
60,21,39
61,21,40
62,21,41
63,21,42
64,21,43
65,22,43
66,23,43
67,23,44
68,23,45
69,23,46
70,24,46
71,24,47
72,25,47
73,26,47
74,27,47
75,27,48
76,27,49
77,27,50
78,28,50
79,28,51
80,29,51
81,30,51
82,31,51
83,32,51
84,33,51
85,33,52
86,34,52
87,34,53
88,34,54
89,35,54
90,36,54
91,37,54
92,37,55
93,37,56
94,37,57
95,38,57
96,39,57
97,39,58
98,39,59
99,39,60
100,39,61
101,40,61
102,40,62
103,40,63
104,40,64
105,40,65
106,40,66
107,41,66
108,42,66
109,42,67
110,42,68
111,42,69
112,42,70
113,42,71
114,43,71
115,43,72
116,43,73
117,43,74
118,44,74
119,44,75
120,44,76
121,44,77
122,44,78
123,44,79
124,45,79
125,46,79
126,47,79
127,47,80
128,47,81
129,47,82
130,48,82
131,49,82
132,49,83
133,50,83
134,50,84
135,51,84
136,52,84
137,52,85
138,52,86
139,53,86
140,54,86
141,54,87
142,54,88
143,55,88
144,55,89
145,55,90
146,55,91
147,56,91
148,56,92
149,56,93
150,56,94
151,57,94
152,58,94
153,59,94
154,59,95
155,59,96
156,59,97
157,59,98
158,60,98
159,60,99
160,60,100
161,61,100
162,62,100
163,62,101
164,62,102
165,63,102
166,63,103
167,64,103
168,65,103
169,65,104
170,65,105
171,65,106
172,65,107
173,65,108
174,66,108
175,66,109
176,67,109
177,68,109
178,68,110
179,68,111
180,69,111
181,69,112
182,69,113
183,69,114
184,70,114
185,70,115
186,71,115
187,72,115
188,72,116
189,72,117
190,73,117
191,73,118
192,74,118
193,75,118
194,76,118
195,77,118
196,77,119
197,77,120
198,77,121
199,77,122
200,77,123
201,77,124
202,77,125
203,77,126
204,77,127
205,77,128
206,77,129
207,78,129
208,79,129
209,80,129
210,80,130
211,80,131
212,80,132
213,81,132
214,82,132
215,82,133
216,83,133
217,83,134
218,83,135
219,83,136
220,83,137
221,84,137
222,84,138
223,84,139
224,85,139
225,86,139
226,86,140
227,86,141
228,86,142
229,86,143
230,86,144
231,86,145
232,87,145
233,88,145
234,88,146
235,88,147
236,88,148
237,89,148
238,90,148
239,90,149
240,90,150
241,90,151
242,91,151
243,92,151
244,92,152
245,93,152
246,94,152
247,94,153
248,94,154
249,95,154
250,96,154
251,97,154
252,98,154
253,98,155
254,99,155
255,99,156
256,99,157
257,99,158
258,99,159
259,99,160
260,99,161
261,100,161
262,100,162
263,101,162
264,101,163
265,101,164
266,102,164
267,103,164
268,103,165
269,104,165
270,104,166
271,104,167
272,104,168
273,104,169
274,104,170
275,105,170
276,105,171
277,105,172
278,105,173
279,105,174
280,105,175
281,106,175
282,106,176
283,107,176
284,108,176
285,109,176
286,109,177
287,110,177
288,110,178
289,110,179
290,111,179
291,112,179
292,112,180
293,113,180
294,113,181
295,113,182
296,113,183
297,114,183
298,115,183
299,115,184
300,115,185
301,116,185
302,116,186
303,116,187
304,116,188
305,116,189
306,117,189
307,118,189
308,118,190
309,118,191
310,119,191
311,119,192
312,119,193
313,119,194
314,119,195
315,120,195
316,121,195
317,122,195
318,123,195
319,123,196
320,123,197
321,124,197
322,124,198
323,125,198
324,125,199
325,125,200
326,126,200
327,127,200
328,128,200
329,129,200
330,130,200
331,131,200
332,131,201
333,131,202
334,131,203
335,131,204
336,131,205
337,131,206
338,132,206
339,133,206
340,133,207
341,133,208
342,133,209
343,134,209
344,134,210
345,135,210
346,136,210
347,137,210
348,138,210
349,138,211
350,139,211
351,140,211
352,140,212
353,140,213
354,140,214
355,140,215
356,140,216
357,140,217
358,140,218
359,141,218
360,142,218
361,142,219
362,143,219
363,144,219
364,145,219
365,145,220
366,145,221
367,146,221
368,146,222
369,146,223
370,146,224
371,146,225
372,147,225
373,147,226
374,147,227
375,148,227
376,149,227
377,149,228
378,149,229
379,150,229
380,150,230
381,150,231
382,150,232
383,151,232
384,151,233
385,152,233
386,152,234
387,152,235
388,152,236
389,152,237
390,152,238
391,153,238
392,153,239
393,153,240
394,153,241
395,154,241
396,154,242
397,154,243
398,154,244
399,154,245
400,154,246
401,154,247
402,155,247
403,156,247
404,156,248
405,157,248
406,157,249
407,158,249
408,159,249
409,159,250
410,160,250
411,161,250
412,161,251
413,162,251
414,162,252
415,163,252
416,163,253
417,163,254
418,163,255
419,164,255
420,165,255
421,166,255
422,167,255
423,167,256
424,167,257
425,167,258
426,167,259
427,168,259
428,168,260
429,168,261
430,168,262
431,168,263
432,169,263
433,169,264
434,169,265
435,170,265
436,170,266
437,170,267
438,170,268
439,171,268
440,171,269
441,171,270
442,171,271
443,171,272
444,172,272
445,172,273
446,173,273
447,173,274
448,174,274
449,175,274
450,175,275
451,176,275
452,176,276
453,176,277
454,177,277
455,178,277
456,179,277
457,179,278
458,179,279
459,180,279
460,180,280
461,180,281
462,180,282
463,180,283
464,180,284
465,180,285
466,180,286
467,181,286
468,181,287
469,182,287
470,183,287
471,183,288
472,183,289
473,183,290
474,183,291
475,183,292
476,183,293
477,183,294
478,184,294
479,184,295
480,185,295
481,185,296
482,185,297
483,186,297
484,186,298
485,187,298
486,187,299
487,188,299
488,189,299
489,189,300
490,190,300
491,191,300
492,191,301
493,191,302
494,192,302
495,192,303
496,193,303
497,193,304
498,194,304
499,195,304
500,195,305
