1,0,1
2,0,2
3,1,2
4,1,3
5,1,4
6,2,4
7,2,5
8,3,5
9,4,5
10,5,5
11,5,6
12,5,7
13,5,8
14,6,8
15,6,9
16,7,9
17,8,9
18,9,9
19,10,9
20,10,10
21,11,10
22,11,11
23,11,12
24,12,12
25,12,13
26,12,14
27,13,14
28,14,14
29,14,15
30,14,16
31,14,17
32,15,17
33,16,17
34,17,17
35,17,18
36,18,18
37,18,19
38,19,19
39,19,20
40,20,20
41,20,21
42,21,21
43,21,22
44,21,23
45,22,23
46,23,23
47,23,24
48,24,24
49,24,25
50,24,26
51,24,27
52,25,27
53,25,28
54,26,28
55,26,29
56,26,30
57,26,31
58,27,31
59,28,31
60,28,32
61,29,32
62,30,32
63,30,33
64,31,33
65,32,33
66,32,34
67,33,34
68,33,35
69,34,35
70,34,36
71,34,37
72,35,37
73,36,37
74,37,37
75,38,37
76,39,37
77,40,37
78,41,37
79,42,37
80,42,38
81,43,38
82,44,38
83,45,38
84,45,39
85,45,40
86,46,40
87,47,40
88,47,41
89,47,42
90,48,42
91,48,43
92,48,44
93,49,44
94,50,44
95,51,44
96,52,44
97,53,44
98,54,44
99,55,44
100,55,45
101,56,45
102,57,45
103,57,46
104,57,47
105,57,48
106,57,49
107,58,49
108,58,50
109,58,51
110,59,51
111,59,52
112,60,52
113,60,53
114,61,53
115,62,53
116,63,53
117,63,54
118,64,54
119,65,54
120,66,54
121,66,55
122,66,56
123,67,56
124,68,56
125,68,57
126,69,57
127,70,57
128,70,58
129,70,59
130,70,60
131,71,60
132,71,61
133,71,62
134,71,63
135,71,64
136,72,64
137,73,64
138,73,65
139,73,66
140,74,66
141,75,66
142,75,67
143,75,68
144,76,68
145,77,68
146,77,69
147,77,70
148,78,70
149,79,70
150,80,70
151,81,70
152,81,71
153,81,72
154,81,73
155,82,73
156,82,74
157,82,75
158,82,76
159,83,76
160,84,76
161,85,76
162,85,77
163,86,77
164,87,77
165,88,77
166,88,78
167,89,78
168,90,78
169,91,78
170,92,78
171,93,78
172,94,78
173,94,79
174,94,80
175,94,81
176,95,81
177,95,82
178,96,82
179,96,83
180,96,84
181,97,84
182,97,85
183,97,86
184,97,87
185,98,87
186,99,87
187,100,87
188,101,87
189,101,88
190,102,88
191,103,88
192,103,89
193,104,89
194,105,89
195,106,89
196,106,90
197,106,91
198,107,91
199,107,92
200,108,92
201,108,93
202,108,94
203,108,95
204,109,95
205,109,96
206,110,96
207,110,97
208,110,98
209,111,98
210,111,99
211,111,100
212,112,100
213,112,101
214,112,102
215,113,102
216,113,103
217,113,104
218,114,104
219,115,104
220,115,105
221,116,105
222,117,105
223,118,105
224,119,105
225,120,105
226,120,106
227,121,106
228,121,107
229,122,107
230,122,108
231,122,109
232,123,109
233,124,109
234,124,110
235,125,110
236,126,110
237,127,110
238,128,110
239,129,110
240,129,111
241,130,111
242,131,111
243,132,111
244,132,112
245,133,112
246,133,113
247,133,114
248,134,114
249,134,115
250,135,115
251,135,116
252,136,116
253,137,116
254,137,117
255,138,117
256,138,118
257,139,118
258,140,118
259,140,119
260,141,119
261,142,119
262,142,120
263,143,120
264,144,120
265,144,121
266,145,121
267,145,122
268,146,122
269,147,122
270,148,122
271,148,123
272,148,124
273,149,124
274,149,125
275,149,126
276,150,126
277,151,126
278,152,126
279,152,127
280,153,127
281,154,127
282,154,128
283,154,129
284,154,130
285,155,130
286,156,130
287,157,130
288,157,131
289,158,131
290,158,132
291,158,133
292,159,133
293,159,134
294,159,135
295,160,135
296,161,135
297,161,136
298,162,136
299,162,137
300,163,137
301,164,137
302,165,137
303,166,137
304,167,137
305,167,138
306,168,138
307,169,138
308,169,139
309,170,139
310,170,140
311,170,141
312,170,142
313,170,143
314,171,143
315,172,143
316,173,143
317,173,144
318,174,144
319,175,144
320,176,144
321,177,144
322,177,145
323,177,146
324,178,146
325,178,147
326,179,147
327,179,148
328,179,149
329,179,150
330,179,151
331,180,151
332,181,151
333,182,151
334,183,151
335,184,151
336,185,151
337,185,152
338,186,152
339,186,153
340,187,153
341,187,154
342,188,154
343,189,154
344,190,154
345,190,155
346,191,155
347,191,156
348,192,156
349,193,156
350,193,157
351,193,158
352,193,159
353,193,160
354,194,160
355,194,161
356,194,162
357,194,163
358,195,163
359,195,164
360,195,165
361,196,165
362,197,165
363,198,165
364,199,165
365,199,166
366,200,166
367,201,166
368,202,166
369,203,166
370,204,166
371,204,167
372,205,167
373,206,167
374,206,168
375,206,169
376,206,170
377,206,171
378,207,171
379,208,171
380,208,172
381,208,173
382,209,173
383,210,173
384,210,174
385,210,175
386,210,176
387,210,177
388,211,177
389,212,177
390,213,177
391,213,178
392,214,178
393,215,178
394,216,178
395,217,178
396,218,178
397,218,179
398,219,179
399,219,180
400,220,180
401,221,180
402,221,181
403,221,182
404,222,182
405,223,182
406,224,182
407,224,183
408,224,184
409,224,185
410,224,186
411,225,186
412,225,187
413,226,187
414,226,188
415,227,188
416,227,189
417,228,189
418,229,189
419,230,189
420,231,189
421,232,189
422,232,190
423,232,191
424,232,192
425,232,193
426,233,193
427,233,194
428,233,195
429,234,195
430,235,195
431,235,196
432,235,197
433,235,198
434,235,199
435,236,199
436,237,199
437,238,199
438,238,200
439,238,201
440,238,202
441,238,203
442,238,204
443,238,205
444,239,205
445,239,206
446,240,206
447,241,206
448,241,207
449,242,207
450,243,207
451,243,208
452,244,208
453,244,209
454,244,210
455,244,211
456,244,212
457,245,212
458,245,213
459,246,213
460,246,214
461,246,215
462,247,215
463,248,215
464,248,216
465,248,217
466,248,218
467,249,218
468,249,219
469,250,219
470,251,219
471,252,219
472,252,220
473,252,221
474,253,221
475,254,221
476,255,221
477,255,222
478,256,222
479,256,223
480,256,224
481,257,224
482,258,224
483,258,225
484,258,226
485,258,227
486,259,227
487,260,227
488,260,228
489,260,229
490,261,229
491,261,230
492,261,231
493,262,231
494,263,231
495,264,231
496,265,231
497,266,231
498,267,231
499,268,231
500,269,231
