1,1,0
2,1,1
3,1,2
4,1,3
5,1,4
6,1,5
7,1,6
8,2,6
9,3,6
10,3,7
11,3,8
12,3,9
13,3,10
14,3,11
15,3,12
16,4,12
17,4,13
18,4,14
19,5,14
20,6,14
21,7,14
22,7,15
23,7,16
24,7,17
25,7,18
26,7,19
27,7,20
28,8,20
29,8,21
30,8,22
31,8,23
32,9,23
33,9,24
34,9,25
35,9,26
36,10,26
37,10,27
38,10,28
39,11,28
40,11,29
41,12,29
42,12,30
43,13,30
44,14,30
45,15,30
46,16,30
47,17,30
48,17,31
49,18,31
50,18,32
51,18,33
52,19,33
53,20,33
54,20,34
55,21,34
56,22,34
57,23,34
58,23,35
59,23,36
60,23,37
61,24,37
62,25,37
63,26,37
64,27,37
65,28,37
66,29,37
67,29,38
68,29,39
69,30,39
70,30,40
71,30,41
72,30,42
73,30,43
74,30,44
75,31,44
76,31,45
77,32,45
78,33,45
79,33,46
80,34,46
81,35,46
82,36,46
83,37,46
84,37,47
85,37,48
86,38,48
87,39,48
88,39,49
89,39,50
90,39,51
91,39,52
92,39,53
93,39,54
94,40,54
95,40,55
96,40,56
97,40,57
98,41,57
99,42,57
100,42,58
101,43,58
102,43,59
103,43,60
104,43,61
105,43,62
106,44,62
107,44,63
108,45,63
109,45,64
110,45,65
111,46,65
112,46,66
113,47,66
114,47,67
115,47,68
116,48,68
117,49,68
118,49,69
119,49,70
120,50,70
121,51,70
122,51,71
123,52,71
124,52,72
125,53,72
126,53,73
127,54,73
128,54,74
129,55,74
130,56,74
131,56,75
132,57,75
133,58,75
134,58,76
135,58,77
136,58,78
137,58,79
138,59,79
139,59,80
140,59,81
141,60,81
142,60,82
143,60,83
144,60,84
145,60,85
146,60,86
147,60,87
148,61,87
149,61,88
150,62,88
151,62,89
152,63,89
153,64,89
154,64,90
155,64,91
156,64,92
157,65,92
158,65,93
159,66,93
160,66,94
161,67,94
162,67,95
163,68,95
164,69,95
165,69,96
166,69,97
167,69,98
168,70,98
169,71,98
170,72,98
171,72,99
172,72,100
173,72,101
174,73,101
175,74,101
176,74,102
177,75,102
178,76,102
179,77,102
180,77,103
181,77,104
182,78,104
183,78,105
184,78,106
185,78,107
186,79,107
187,79,108
188,79,109
189,79,110
190,80,110
191,80,111
192,81,111
193,82,111
194,82,112
195,83,112
196,84,112
197,84,113
198,84,114
199,84,115
200,85,115
201,85,116
202,85,117
203,86,117
204,87,117
205,87,118
206,87,119
207,87,120
208,87,121
209,87,122
210,87,123
211,87,124
212,87,125
213,87,126
214,88,126
215,88,127
216,89,127
217,90,127
218,91,127
219,92,127
220,92,128
221,92,129
222,93,129
223,93,130
224,94,130
225,95,130
226,96,130
227,96,131
228,96,132
229,96,133
230,97,133
231,98,133
232,99,133
233,99,134
234,99,135
235,100,135
236,100,136
237,101,136
238,102,136
239,103,136
240,104,136
241,105,136
242,105,137
243,106,137
244,106,138
245,106,139
246,107,139
247,107,140
248,108,140
249,108,141
250,108,142
251,108,143
252,108,144
253,109,144
254,110,144
255,110,145
256,111,145
257,112,145
258,112,146
259,112,147
260,113,147
261,114,147
262,114,148
263,115,148
264,115,149
265,115,150
266,116,150
267,117,150
268,117,151
269,117,152
270,118,152
271,118,153
272,118,154
273,119,154
274,119,155
275,120,155
276,120,156
277,120,157
278,120,158
279,121,158
280,121,159
281,122,159
282,123,159
283,123,160
284,123,161
285,124,161
286,124,162
287,125,162
288,125,163
289,126,163
290,126,164
291,126,165
292,126,166
293,127,166
294,128,166
295,128,167
296,129,167
297,130,167
298,131,167
299,131,168
300,131,169
301,131,170
302,132,170
303,132,171
304,132,172
305,133,172
306,133,173
307,133,174
308,133,175
309,134,175
310,135,175
311,135,176
312,135,177
313,135,178
314,136,178
315,136,179
316,136,180
317,136,181
318,136,182
319,137,182
320,137,183
321,137,184
322,138,184
323,138,185
324,139,185
325,140,185
326,141,185
327,141,186
328,141,187
329,141,188
330,142,188
331,143,188
332,143,189
333,143,190
334,143,191
335,144,191
336,145,191
337,145,192
338,145,193
339,146,193
340,147,193
341,147,194
342,147,195
343,148,195
344,148,196
345,149,196
346,149,197
347,150,197
348,150,198
349,151,198
350,151,199
351,152,199
352,153,199
353,154,199
354,154,200
355,154,201
356,154,202
357,154,203
358,154,204
359,155,204
360,155,205
361,156,205
362,156,206
363,156,207
364,157,207
365,157,208
366,157,209
367,157,210
368,158,210
369,158,211
370,158,212
371,158,213
372,159,213
373,160,213
374,161,213
375,161,214
376,161,215
377,161,216
378,161,217
379,161,218
380,161,219
381,161,220
382,161,221
383,161,222
384,162,222
385,162,223
386,162,224
387,162,225
388,163,225
389,164,225
390,164,226
391,165,226
392,166,226
393,167,226
394,168,226
395,169,226
396,169,227
397,169,228
398,170,228
399,170,229
400,170,230
401,171,230
402,171,231
403,171,232
404,172,232
405,172,233
406,172,234
407,173,234
408,173,235
409,174,235
410,175,235
411,175,236
412,175,237
413,175,238
414,176,238
415,176,239
416,176,240
417,177,240
418,178,240
419,178,241
420,178,242
421,178,243
422,179,243
423,180,243
424,180,244
425,181,244
426,182,244
427,182,245
428,182,246
429,183,246
430,183,247
431,183,248
432,184,248
433,184,249
434,184,250
435,184,251
436,184,252
437,184,253
438,185,253
439,185,254
440,185,255
441,186,255
442,187,255
443,188,255
444,188,256
445,189,256
446,190,256
447,190,257
448,190,258
449,190,259
450,191,259
451,192,259
452,193,259
453,193,260
454,193,261
455,193,262
456,193,263
457,194,263
458,195,263
459,195,264
460,195,265
461,196,265
462,196,266
463,196,267
464,197,267
465,197,268
466,198,268
467,198,269
468,198,270
469,199,270
470,200,270
471,200,271
472,200,272
473,201,272
474,202,272
475,202,273
476,202,274
477,202,275
478,203,275
479,203,276
480,204,276
481,205,276
482,205,277
483,205,278
484,205,279
485,206,279
486,206,280
487,207,280
488,208,280
489,209,280
490,209,281
491,209,282
492,210,282
493,210,283
494,210,284
495,210,285
496,211,285
497,212,285
498,212,286
499,212,287
500,212,288
