1,0,1
2,0,2
3,1,2
4,1,3
5,1,4
6,1,5
7,1,6
8,2,6
9,3,6
10,3,7
11,3,8
12,3,9
13,3,10
14,3,11
15,4,11
16,5,11
17,5,12
18,5,13
19,6,13
20,6,14
21,6,15
22,7,15
23,7,16
24,7,17
25,7,18
26,7,19
27,7,20
28,8,20
29,8,21
30,8,22
31,9,22
32,9,23
33,10,23
34,11,23
35,11,24
36,11,25
37,12,25
38,13,25
39,13,26
40,13,27
41,14,27
42,14,28
43,15,28
44,16,28
45,17,28
46,17,29
47,17,30
48,17,31
49,17,32
50,17,33
51,18,33
52,19,33
53,20,33
54,21,33
55,21,34
56,21,35
57,21,36
58,21,37
59,22,37
60,23,37
61,24,37
62,25,37
63,26,37
64,26,38
65,27,38
66,28,38
67,28,39
68,28,40
69,28,41
70,29,41
71,29,42
72,29,43
73,29,44
74,29,45
75,29,46
76,29,47
77,30,47
78,30,48
79,31,48
80,32,48
81,32,49
82,33,49
83,33,50
84,34,50
85,35,50
86,35,51
87,36,51
88,36,52
89,36,53
90,36,54
91,36,55
92,36,56
93,36,57
94,37,57
95,37,58
96,37,59
97,38,59
98,38,60
99,39,60
100,39,61
101,40,61
102,40,62
103,41,62
104,41,63
105,42,63
106,42,64
107,43,64
108,44,64
109,44,65
110,45,65
111,45,66
112,45,67
113,46,67
114,47,67
115,47,68
116,47,69
117,47,70
118,47,71
119,47,72
120,48,72
121,49,72
122,49,73
123,49,74
124,49,75
125,49,76
126,49,77
127,49,78
128,49,79
129,49,80
130,49,81
131,50,81
132,50,82
133,51,82
134,51,83
135,52,83
136,52,84
137,53,84
138,54,84
139,54,85
140,55,85
141,55,86
142,56,86
143,56,87
144,57,87
145,57,88
146,57,89
147,58,89
148,59,89
149,60,89
150,60,90
151,61,90
152,62,90
153,62,91
154,63,91
155,63,92
156,63,93
157,63,94
158,63,95
159,63,96
160,63,97
161,64,97
162,65,97
163,65,98
164,66,98
165,66,99
166,66,100
167,66,101
168,66,102
169,67,102
170,67,103
171,67,104
172,67,105
173,67,106
174,67,107
175,67,108
176,67,109
177,68,109
178,68,110
179,68,111
180,69,111
181,69,112
182,70,112
183,71,112
184,72,112
185,73,112
186,73,113
187,73,114
188,73,115
189,73,116
190,73,117
191,73,118
192,74,118
193,75,118
194,75,119
195,75,120
196,75,121
197,75,122
198,76,122
199,77,122
200,78,122
201,79,122
202,79,123
203,80,123
204,80,124
205,80,125
206,80,126
207,80,127
208,80,128
209,80,129
210,80,130
211,81,130
212,82,130
213,82,131
214,82,132
215,83,132
216,83,133
217,84,133
218,84,134
219,85,134
220,85,135
221,85,136
222,86,136
223,87,136
224,87,137
225,88,137
226,88,138
227,88,139
228,88,140
229,88,141
230,89,141
231,89,142
232,89,143
233,90,143
234,90,144
235,91,144
236,92,144
237,93,144
238,93,145
239,93,146
240,93,147
241,93,148
242,93,149
243,93,150
244,93,151
245,93,152
246,94,152
247,94,153
248,94,154
249,95,154
250,95,155
251,95,156
252,95,157
253,96,157
254,96,158
255,96,159
256,96,160
257,97,160
258,98,160
259,98,161
260,98,162
261,99,162
262,100,162
263,100,163
264,101,163
265,101,164
266,101,165
267,102,165
268,102,166
269,103,166
270,104,166
271,105,166
272,105,167
273,105,168
274,105,169
275,105,170
276,106,170
277,107,170
278,108,170
279,108,171
280,108,172
281,108,173
282,109,173
283,110,173
284,110,174
285,111,174
286,111,175
287,112,175
288,112,176
289,112,177
290,112,178
291,113,178
292,113,179
293,114,179
294,114,180
295,115,180
296,115,181
297,116,181
298,117,181
299,117,182
300,117,183
301,118,183
302,118,184
303,118,185
304,119,185
305,119,186
306,120,186
307,120,187
308,120,188
309,120,189
310,120,190
311,121,190
312,121,191
313,121,192
314,121,193
315,121,194
316,122,194
317,122,195
318,122,196
319,123,196
320,124,196
321,124,197
322,125,197
323,126,197
324,127,197
325,128,197
326,128,198
327,128,199
328,129,199
329,130,199
330,131,199
331,131,200
332,131,201
333,131,202
334,132,202
335,132,203
336,132,204
337,132,205
338,132,206
339,133,206
340,133,207
341,133,208
342,133,209
343,134,209
344,134,210
345,135,210
346,135,211
347,135,212
348,136,212
349,137,212
350,137,213
351,137,214
352,138,214
353,138,215
354,138,216
355,139,216
356,140,216
357,141,216
358,142,216
359,143,216
360,143,217
361,143,218
362,144,218
363,145,218
364,145,219
365,145,220
366,145,221
367,145,222
368,145,223
369,145,224
370,146,224
371,146,225
372,146,226
373,146,227
374,146,228
375,146,229
376,146,230
377,146,231
378,147,231
379,148,231
380,148,232
381,149,232
382,150,232
383,150,233
384,150,234
385,151,234
386,151,235
387,151,236
388,151,237
389,151,238
390,151,239
391,152,239
392,152,240
393,153,240
394,153,241
395,153,242
396,154,242
397,155,242
398,155,243
399,155,244
400,156,244
401,156,245
402,157,245
403,157,246
404,158,246
405,158,247
406,158,248
407,159,248
408,159,249
409,159,250
410,159,251
411,160,251
412,161,251
413,161,252
414,161,253
415,161,254
416,162,254
417,163,254
418,164,254
419,164,255
420,165,255
421,165,256
422,165,257
423,165,258
424,165,259
425,165,260
426,165,261
427,166,261
428,167,261
429,168,261
430,168,262
431,169,262
432,169,263
433,170,263
434,171,263
435,172,263
436,172,264
437,172,265
438,172,266
439,173,266
440,173,267
441,173,268
442,173,269
443,173,270
444,173,271
445,174,271
446,174,272
447,174,273
448,174,274
449,175,274
450,176,274
451,176,275
452,176,276
453,177,276
454,177,277
455,177,278
456,177,279
457,177,280
458,177,281
459,178,281
460,179,281
461,180,281
462,181,281
463,181,282
464,181,283
465,181,284
466,181,285
467,181,286
468,181,287
469,181,288
470,182,288
471,183,288
472,184,288
473,184,289
474,185,289
475,185,290
476,185,291
477,186,291
478,187,291
479,187,292
480,188,292
481,189,292
482,190,292
483,190,293
484,190,294
485,191,294
486,192,294
487,193,294
488,193,295
489,193,296
490,193,297
491,194,297
492,195,297
493,195,298
494,195,299
495,196,299
496,196,300
497,196,301
498,197,301
499,198,301
500,199,301
