1,1,0
2,1,1
3,1,2
4,1,3
5,1,4
6,1,5
7,2,5
8,2,6
9,3,6
10,4,6
11,5,6
12,5,7
13,5,8
14,6,8
15,6,9
16,7,9
17,7,10
18,7,11
19,8,11
20,8,12
21,8,13
22,8,14
23,9,14
24,10,14
25,10,15
26,11,15
27,12,15
28,13,15
29,14,15
30,15,15
31,16,15
32,16,16
33,17,16
34,18,16
35,18,17
36,18,18
37,18,19
38,18,20
39,19,20
40,20,20
41,20,21
42,21,21
43,22,21
44,22,22
45,22,23
46,22,24
47,22,25
48,22,26
49,23,26
50,23,27
51,24,27
52,24,28
53,24,29
54,24,30
55,25,30
56,25,31
57,25,32
58,25,33
59,25,34
60,26,34
61,27,34
62,27,35
63,28,35
64,28,36
65,29,36
66,29,37
67,29,38
68,29,39
69,29,40
70,30,40
71,31,40
72,32,40
73,33,40
74,33,41
75,33,42
76,34,42
77,35,42
78,36,42
79,37,42
80,38,42
81,38,43
82,39,43
83,40,43
84,41,43
85,41,44
86,41,45
87,42,45
88,43,45
89,44,45
90,44,46
91,44,47
92,44,48
93,45,48
94,45,49
95,46,49
96,46,50
97,46,51
98,46,52
99,47,52
100,47,53
101,48,53
102,48,54
103,49,54
104,50,54
105,50,55
106,51,55
107,52,55
108,53,55
109,54,55
110,55,55
111,56,55
112,56,56
113,56,57
114,57,57
115,57,58
116,57,59
117,58,59
118,59,59
119,59,60
120,60,60
121,61,60
122,62,60
123,62,61
124,63,61
125,63,62
126,64,62
127,65,62
128,66,62
129,67,62
130,67,63
131,68,63
132,68,64
133,69,64
134,70,64
135,71,64
136,72,64
137,73,64
138,73,65
139,74,65
140,75,65
141,76,65
142,76,66
143,77,66
144,78,66
145,79,66
146,79,67
147,80,67
148,80,68
149,81,68
150,81,69
151,82,69
152,83,69
153,84,69
154,84,70
155,84,71
156,85,71
157,85,72
158,85,73
159,86,73
160,87,73
161,88,73
162,88,74
163,89,74
164,90,74
165,91,74
166,91,75
167,91,76
168,92,76
169,93,76
170,93,77
171,93,78
172,94,78
173,94,79
174,94,80
175,95,80
176,95,81
177,95,82
178,96,82
179,97,82
180,97,83
181,98,83
182,99,83
183,99,84
184,100,84
185,101,84
186,102,84
187,102,85
188,102,86
189,103,86
190,103,87
191,103,88
192,103,89
193,104,89
194,105,89
195,106,89
196,106,90
197,107,90
198,107,91
199,107,92
200,107,93
201,108,93
202,108,94
203,108,95
204,109,95
205,109,96
206,110,96
207,111,96
208,112,96
209,112,97
210,113,97
211,114,97
212,115,97
213,116,97
214,117,97
215,117,98
216,118,98
217,118,99
218,119,99
219,119,100
220,119,101
221,120,101
222,120,102
223,121,102
224,122,102
225,122,103
226,122,104
227,122,105
228,122,106
229,123,106
230,123,107
231,124,107
232,124,108
233,125,108
234,125,109
235,126,109
236,126,110
237,126,111
238,127,111
239,128,111
240,129,111
241,130,111
242,130,112
243,130,113
244,131,113
245,131,114
246,132,114
247,133,114
248,133,115
249,134,115
250,134,116
251,135,116
252,135,117
253,135,118
254,136,118
255,137,118
256,138,118
257,138,119
258,139,119
259,140,119
260,140,120
261,141,120
262,142,120
263,142,121
264,143,121
265,143,122
266,143,123
267,144,123
268,145,123
269,145,124
270,146,124
271,146,125
272,146,126
273,147,126
274,148,126
275,148,127
276,148,128
277,148,129
278,149,129
279,150,129
280,151,129
281,152,129
282,152,130
283,153,130
284,154,130
285,155,130
286,156,130
287,156,131
288,156,132
289,157,132
290,157,133
291,157,134
292,158,134
293,158,135
294,159,135
295,159,136
296,160,136
297,160,137
298,160,138
299,161,138
300,161,139
301,161,140
302,162,140
303,163,140
304,164,140
305,165,140
306,166,140
307,166,141
308,167,141
309,167,142
310,167,143
311,167,144
312,168,144
313,169,144
314,170,144
315,170,145
316,171,145
317,172,145
318,173,145
319,174,145
320,175,145
321,176,145
322,177,145
323,177,146
324,178,146
325,178,147
326,178,148
327,178,149
328,179,149
329,180,149
330,181,149
331,182,149
332,182,150
333,183,150
334,184,150
335,184,151
336,185,151
337,186,151
338,186,152
339,187,152
340,188,152
341,189,152
342,189,153
343,189,154
344,190,154
345,190,155
346,191,155
347,191,156
348,191,157
349,192,157
350,192,158
351,192,159
352,192,160
353,193,160
354,193,161
355,194,161
356,195,161
357,195,162
358,196,162
359,197,162
360,198,162
361,198,163
362,199,163
363,199,164
364,200,164
365,200,165
366,201,165
367,202,165
368,203,165
369,204,165
370,205,165
371,206,165
372,206,166
373,207,166
374,208,166
375,209,166
376,209,167
377,209,168
378,209,169
379,210,169
380,210,170
381,210,171
382,211,171
383,211,172
384,211,173
385,211,174
386,211,175
387,211,176
388,211,177
389,211,178
390,212,178
391,213,178
392,214,178
393,215,178
394,215,179
395,215,180
396,215,181
397,215,182
398,215,183
399,216,183
400,216,184
401,217,184
402,218,184
403,218,185
404,218,186
405,218,187
406,219,187
407,219,188
408,219,189
409,219,190
410,220,190
411,220,191
412,221,191
413,222,191
414,223,191
415,224,191
416,224,192
417,225,192
418,225,193
419,226,193
420,227,193
421,227,194
422,228,194
423,228,195
424,229,195
425,230,195
426,230,196
427,231,196
428,231,197
429,231,198
430,232,198
431,233,198
432,234,198
433,235,198
434,235,199
435,235,200
436,236,200
437,236,201
438,237,201
439,237,202
440,238,202
441,238,203
442,239,203
443,239,204
444,240,204
445,241,204
446,242,204
447,243,204
448,244,204
449,245,204
450,245,205
451,246,205
452,246,206
453,247,206
454,248,206
455,249,206
456,249,207
457,249,208
458,250,208
459,250,209
460,251,209
461,251,210
462,251,211
463,251,212
464,252,212
465,252,213
466,253,213
467,254,213
468,255,213
469,255,214
470,256,214
471,256,215
472,257,215
473,257,216
474,258,216
475,259,216
476,260,216
477,261,216
478,262,216
479,263,216
480,264,216
481,264,217
482,265,217
483,265,218
484,265,219
485,266,219
486,267,219
487,267,220
488,268,220
489,269,220
490,270,220
491,271,220
492,271,221
493,271,222
494,272,222
495,272,223
496,273,223
497,274,223
498,275,223
499,276,223
500,277,223
