1,1,0
2,1,1
3,1,2
4,2,2
5,2,3
6,2,4
7,3,4
8,3,5
9,3,6
10,4,6
11,4,7
12,5,7
13,6,7
14,7,7
15,8,7
16,9,7
17,9,8
18,10,8
19,10,9
20,10,10
21,11,10
22,12,10
23,12,11
24,13,11
25,13,12
26,14,12
27,14,13
28,14,14
29,15,14
30,16,14
31,16,15
32,16,16
33,17,16
34,18,16
35,19,16
36,20,16
37,21,16
38,22,16
39,22,17
40,22,18
41,22,19
42,22,20
43,23,20
44,24,20
45,25,20
46,25,21
47,25,22
48,26,22
49,27,22
50,28,22
51,28,23
52,29,23
53,30,23
54,31,23
55,32,23
56,32,24
57,33,24
58,34,24
59,34,25
60,34,26
61,34,27
62,35,27
63,36,27
64,36,28
65,36,29
66,37,29
67,38,29
68,38,30
69,39,30
70,39,31
71,40,31
72,41,31
73,42,31
74,42,32
75,42,33
76,43,33
77,43,34
78,44,34
79,45,34
80,45,35
81,45,36
82,45,37
83,46,37
84,47,37
85,47,38
86,48,38
87,48,39
88,49,39
89,49,40
90,50,40
91,50,41
92,50,42
93,50,43
94,50,44
95,51,44
96,52,44
97,52,45
98,52,46
99,52,47
100,52,48
101,53,48
102,53,49
103,53,50
104,53,51
105,54,51
106,54,52
107,54,53
108,55,53
109,56,53
110,57,53
111,57,54
112,57,55
113,58,55
114,58,56
115,59,56
116,60,56
117,61,56
118,61,57
119,62,57
120,63,57
121,64,57
122,64,58
123,65,58
124,65,59
125,66,59
126,67,59
127,67,60
128,68,60
129,68,61
130,69,61
131,70,61
132,70,62
133,71,62
134,71,63
135,71,64
136,72,64
137,72,65
138,73,65
139,74,65
140,75,65
141,76,65
142,76,66
143,77,66
144,78,66
145,79,66
146,80,66
147,81,66
148,82,66
149,83,66
150,83,67
151,83,68
152,83,69
153,84,69
154,84,70
155,84,71
156,84,72
157,84,73
158,85,73
159,85,74
160,85,75
161,86,75
162,86,76
163,86,77
164,87,77
165,87,78
166,87,79
167,88,79
168,89,79
169,90,79
170,91,79
171,91,80
172,92,80
173,93,80
174,94,80
175,95,80
176,95,81
177,96,81
178,96,82
179,97,82
180,97,83
181,98,83
182,99,83
183,100,83
184,100,84
185,101,84
186,101,85
187,101,86
188,101,87
189,101,88
190,101,89
191,101,90
192,101,91
193,102,91
194,103,91
195,103,92
196,103,93
197,103,94
198,103,95
199,104,95
200,104,96
201,104,97
202,104,98
203,105,98
204,106,98
205,106,99
206,107,99
207,108,99
208,108,100
209,109,100
210,110,100
211,111,100
212,111,101
213,112,101
214,112,102
215,112,103
216,112,104
217,113,104
218,113,105
219,114,105
220,115,105
221,116,105
222,117,105
223,117,106
224,117,107
225,118,107
226,118,108
227,119,108
228,120,108
229,120,109
230,120,110
231,121,110
232,121,111
233,122,111
234,123,111
235,123,112
236,123,113
237,124,113
238,125,113
239,125,114
240,126,114
241,126,115
242,126,116
243,127,116
244,127,117
245,127,118
246,128,118
247,128,119
248,128,120
249,129,120
250,130,120
251,131,120
252,131,121
253,132,121
254,133,121
255,134,121
256,135,121
257,135,122
258,135,123
259,136,123
260,136,124
261,137,124
262,138,124
263,139,124
264,140,124
265,141,124
266,142,124
267,142,125
268,142,126
269,143,126
270,144,126
271,144,127
272,144,128
273,144,129
274,145,129
275,146,129
276,146,130
277,147,130
278,148,130
279,148,131
280,149,131
281,149,132
282,150,132
283,150,133
284,151,133
285,151,134
286,152,134
287,153,134
288,154,134
289,155,134
290,155,135
291,155,136
292,156,136
293,156,137
294,156,138
295,157,138
296,158,138
297,158,139
298,159,139
299,160,139
300,161,139
301,161,140
302,161,141
303,161,142
304,161,143
305,162,143
306,163,143
307,163,144
308,163,145
309,163,146
310,163,147
311,163,148
312,164,148
313,165,148
314,165,149
315,166,149
316,166,150
317,166,151
318,166,152
319,167,152
320,167,153
321,168,153
322,169,153
323,170,153
324,171,153
325,172,153
326,173,153
327,174,153
328,174,154
329,175,154
330,176,154
331,177,154
332,177,155
333,178,155
334,179,155
335,180,155
336,181,155
337,181,156
338,182,156
339,182,157
340,182,158
341,183,158
342,184,158
343,185,158
344,186,158
345,187,158
346,187,159
347,188,159
348,188,160
349,189,160
350,190,160
351,190,161
352,191,161
353,192,161
354,193,161
355,194,161
356,194,162
357,195,162
358,196,162
359,197,162
360,197,163
361,198,163
362,199,163
363,200,163
364,201,163
365,201,164
366,202,164
367,203,164
368,203,165
369,204,165
370,204,166
371,204,167
372,205,167
373,206,167
374,207,167
375,207,168
376,207,169
377,208,169
378,209,169
379,209,170
380,210,170
381,211,170
382,211,171
383,212,171
384,213,171
385,214,171
386,215,171
387,216,171
388,216,172
389,217,172
390,217,173
391,217,174
392,218,174
393,218,175
394,218,176
395,219,176
396,220,176
397,221,176
398,222,176
399,222,177
400,223,177
401,223,178
402,223,179
403,223,180
404,223,181
405,224,181
406,224,182
407,225,182
408,225,183
409,225,184
410,226,184
411,226,185
412,226,186
413,227,186
414,228,186
415,229,186
416,230,186
417,230,187
418,230,188
419,231,188
420,232,188
421,233,188
422,233,189
423,234,189
424,234,190
425,234,191
426,235,191
427,235,192
428,235,193
429,235,194
430,236,194
431,237,194
432,238,194
433,238,195
434,239,195
435,239,196
436,240,196
437,241,196
438,242,196
439,243,196
440,244,196
441,244,197
442,245,197
443,245,198
444,245,199
445,245,200
446,246,200
447,246,201
448,246,202
449,247,202
450,248,202
451,249,202
452,250,202
453,251,202
454,252,202
455,253,202
456,254,202
457,255,202
458,255,203
459,256,203
460,256,204
461,257,204
462,258,204
463,258,205
464,258,206
465,259,206
466,260,206
467,260,207
468,260,208
469,261,208
470,261,209
471,262,209
472,262,210
473,263,210
474,264,210
475,264,211
476,264,212
477,265,212
478,266,212
479,267,212
480,267,213
481,268,213
482,269,213
483,270,213
484,271,213
485,271,214
486,272,214
487,272,215
488,273,215
489,273,216
490,273,217
491,274,217
492,274,218
493,274,219
494,274,220
495,275,220
496,275,221
497,275,222
498,275,223
499,275,224
500,275,225
