1,0,1
2,0,2
3,1,2
4,1,3
5,2,3
6,2,4
7,2,5
8,2,6
9,2,7
10,2,8
11,2,9
12,2,10
13,2,11
14,3,11
15,3,12
16,4,12
17,4,13
18,5,13
19,5,14
20,6,14
21,6,15
22,6,16
23,7,16
24,7,17
25,7,18
26,7,19
27,7,20
28,7,21
29,8,21
30,9,21
31,10,21
32,10,22
33,10,23
34,11,23
35,12,23
36,12,24
37,13,24
38,14,24
39,15,24
40,15,25
41,15,26
42,16,26
43,17,26
44,17,27
45,18,27
46,19,27
47,20,27
48,21,27
49,21,28
50,22,28
51,22,29
52,23,29
53,23,30
54,23,31
55,23,32
56,23,33
57,24,33
58,25,33
59,26,33
60,27,33
61,28,33
62,29,33
63,29,34
64,30,34
65,30,35
66,30,36
67,30,37
68,31,37
69,31,38
70,32,38
71,32,39
72,33,39
73,34,39
74,35,39
75,36,39
76,37,39
77,38,39
78,39,39
79,39,40
80,40,40
81,41,40
82,42,40
83,42,41
84,42,42
85,43,42
86,43,43
87,43,44
88,43,45
89,44,45
90,44,46
91,45,46
92,45,47
93,45,48
94,46,48
95,46,49
96,47,49
97,48,49
98,49,49
99,49,50
100,50,50
101,51,50
102,51,51
103,52,51
104,52,52
105,53,52
106,54,52
107,54,53
108,54,54
109,55,54
110,56,54
111,57,54
112,57,55
113,58,55
114,58,56
115,59,56
116,60,56
117,60,57
118,61,57
119,62,57
120,62,58
121,62,59
122,63,59
123,63,60
124,64,60
125,64,61
126,65,61
127,65,62
128,65,63
129,65,64
130,66,64
131,66,65
132,66,66
133,67,66
134,67,67
135,68,67
136,69,67
137,70,67
138,70,68
139,71,68
140,71,69
141,71,70
142,72,70
143,73,70
144,73,71
145,74,71
146,74,72
147,75,72
148,76,72
149,77,72
150,78,72
151,79,72
152,80,72
153,81,72
154,82,72
155,83,72
156,84,72
157,84,73
158,84,74
159,84,75
160,84,76
161,84,77
162,84,78
163,84,79
164,85,79
165,86,79
166,86,80
167,87,80
168,88,80
169,89,80
170,89,81
171,89,82
172,89,83
173,89,84
174,90,84
175,91,84
176,91,85
177,91,86
178,92,86
179,93,86
180,93,87
181,93,88
182,94,88
183,95,88
184,95,89
185,95,90
186,96,90
187,97,90
188,98,90
189,98,91
190,98,92
191,99,92
192,100,92
193,100,93
194,100,94
195,100,95
196,100,96
197,101,96
198,102,96
199,102,97
200,103,97
201,103,98
202,104,98
203,105,98
204,105,99
205,105,100
206,105,101
207,106,101
208,107,101
209,108,101
210,108,102
211,108,103
212,108,104
213,108,105
214,109,105
215,110,105
216,111,105
217,112,105
218,113,105
219,114,105
220,115,105
221,116,105
222,117,105
223,117,106
224,118,106
225,119,106
226,119,107
227,119,108
228,119,109
229,119,110
230,120,110
231,121,110
232,122,110
233,123,110
234,123,111
235,123,112
236,123,113
237,124,113
238,125,113
239,125,114
240,126,114
241,127,114
242,128,114
243,129,114
244,130,114
245,130,115
246,131,115
247,132,115
248,133,115
249,134,115
250,134,116
251,135,116
252,135,117
253,135,118
254,136,118
255,136,119
256,137,119
257,138,119
258,138,120
259,138,121
260,138,122
261,139,122
262,140,122
263,140,123
264,140,124
265,140,125
266,140,126
267,140,127
268,141,127
269,141,128
270,141,129
271,141,130
272,142,130
273,142,131
274,142,132
275,142,133
276,142,134
277,142,135
278,143,135
279,144,135
280,144,136
281,145,136
282,146,136
283,147,136
284,148,136
285,148,137
286,148,138
287,148,139
288,148,140
289,149,140
290,149,141
291,149,142
292,150,142
293,151,142
294,151,143
295,152,143
296,152,144
297,152,145
298,152,146
299,153,146
300,154,146
301,154,147
302,154,148
303,155,148
304,156,148
305,157,148
306,158,148
307,158,149
308,159,149
309,159,150
310,160,150
311,160,151
312,160,152
313,161,152
314,162,152
315,163,152
316,163,153
317,163,154
318,163,155
319,163,156
320,163,157
321,164,157
322,165,157
323,165,158
324,166,158
325,167,158
326,168,158
327,168,159
328,168,160
329,168,161
330,169,161
331,170,161
332,171,161
333,171,162
334,172,162
335,172,163
336,172,164
337,172,165
338,173,165
339,174,165
340,175,165
341,175,166
342,175,167
343,176,167
344,176,168
345,177,168
346,177,169
347,178,169
348,179,169
349,180,169
350,181,169
351,182,169
352,183,169
353,183,170
354,184,170
355,184,171
356,184,172
357,185,172
358,185,173
359,185,174
360,186,174
361,186,175
362,187,175
363,187,176
364,187,177
365,187,178
366,188,178
367,188,179
368,188,180
369,188,181
370,189,181
371,189,182
372,189,183
373,190,183
374,190,184
375,191,184
376,192,184
377,192,185
378,192,186
379,193,186
380,193,187
381,194,187
382,194,188
383,195,188
384,195,189
385,195,190
386,196,190
387,196,191
388,196,192
389,196,193
390,196,194
391,197,194
392,198,194
393,199,194
394,200,194
395,201,194
396,202,194
397,203,194
398,204,194
399,204,195
400,205,195
401,206,195
402,207,195
403,208,195
404,209,195
405,210,195
406,211,195
407,211,196
408,211,197
409,211,198
410,211,199
411,212,199
412,212,200
413,212,201
414,212,202
415,212,203
416,213,203
417,214,203
418,215,203
419,216,203
420,217,203
421,217,204
422,217,205
423,218,205
424,218,206
425,219,206
426,219,207
427,220,207
428,221,207
429,221,208
430,222,208
431,223,208
432,224,208
433,225,208
434,225,209
435,225,210
436,226,210
437,226,211
438,226,212
439,227,212
440,228,212
441,229,212
442,229,213
443,230,213
444,230,214
445,231,214
446,232,214
447,232,215
448,233,215
449,234,215
450,234,216
451,235,216
452,236,216
453,237,216
454,237,217
455,238,217
456,239,217
457,240,217
458,241,217
459,242,217
460,242,218
461,242,219
462,242,220
463,243,220
464,244,220
465,244,221
466,245,221
467,245,222
468,245,223
469,246,223
470,246,224
471,246,225
472,246,226
473,247,226
474,248,226
475,249,226
476,250,226
477,251,226
478,251,227
479,252,227
480,252,228
481,252,229
482,253,229
483,254,229
484,254,230
485,254,231
486,254,232
487,254,233
488,254,234
489,254,235
490,255,235
491,256,235
492,257,235
493,258,235
494,259,235
495,259,236
496,260,236
497,261,236
498,261,237
499,261,238
500,261,239
