1,1,0
2,1,1
3,1,2
4,1,3
5,1,4
6,1,5
7,1,6
8,2,6
9,2,7
10,3,7
11,3,8
12,3,9
13,3,10
14,3,11
15,3,12
16,4,12
17,5,12
18,5,13
19,5,14
20,5,15
21,6,15
22,7,15
23,8,15
24,8,16
25,9,16
26,9,17
27,9,18
28,9,19
29,10,19
30,10,20
31,11,20
32,12,20
33,13,20
34,13,21
35,13,22
36,14,22
37,15,22
38,16,22
39,17,22
40,17,23
41,18,23
42,19,23
43,19,24
44,19,25
45,20,25
46,20,26
47,21,26
48,21,27
49,21,28
50,21,29
51,21,30
52,21,31
53,21,32
54,21,33
55,21,34
56,22,34
57,22,35
58,23,35
59,23,36
60,23,37
61,24,37
62,25,37
63,26,37
64,26,38
65,27,38
66,28,38
67,28,39
68,29,39
69,30,39
70,30,40
71,30,41
72,30,42
73,30,43
74,30,44
75,30,45
76,31,45
77,31,46
78,32,46
79,33,46
80,33,47
81,33,48
82,33,49
83,34,49
84,35,49
85,35,50
86,36,50
87,36,51
88,36,52
89,36,53
90,36,54
91,36,55
92,36,56
93,37,56
94,37,57
95,38,57
96,38,58
97,38,59
98,38,60
99,39,60
100,39,61
101,40,61
102,40,62
103,41,62
104,41,63
105,41,64
106,41,65
107,41,66
108,42,66
109,43,66
110,43,67
111,43,68
112,43,69
113,43,70
114,43,71
115,43,72
116,44,72
117,44,73
118,44,74
119,45,74
120,45,75
121,45,76
122,46,76
123,46,77
124,47,77
125,48,77
126,49,77
127,50,77
128,50,78
129,51,78
130,52,78
131,52,79
132,52,80
133,52,81
134,52,82
135,53,82
136,54,82
137,54,83
138,55,83
139,55,84
140,56,84
141,57,84
142,57,85
143,57,86
144,58,86
145,59,86
146,59,87
147,59,88
148,59,89
149,59,90
150,60,90
151,61,90
152,62,90
153,63,90
154,63,91
155,63,92
156,63,93
157,63,94
158,63,95
159,63,96
160,64,96
161,64,97
162,64,98
163,64,99
164,64,100
165,65,100
166,65,101
167,65,102
168,66,102
169,66,103
170,67,103
171,67,104
172,68,104
173,69,104
174,69,105
175,69,106
176,70,106
177,70,107
178,71,107
179,71,108
180,71,109
181,72,109
182,73,109
183,74,109
184,75,109
185,76,109
186,76,110
187,77,110
188,78,110
189,79,110
190,79,111
191,79,112
192,79,113
193,79,114
194,79,115
195,80,115
196,80,116
197,80,117
198,81,117
199,81,118
200,81,119
201,82,119
202,82,120
203,82,121
204,82,122
205,82,123
206,83,123
207,84,123
208,84,124
209,85,124
210,85,125
211,86,125
212,87,125
213,87,126
214,88,126
215,89,126
216,90,126
217,90,127
218,90,128
219,90,129
220,90,130
221,90,131
222,90,132
223,91,132
224,92,132
225,92,133
226,93,133
227,93,134
228,93,135
229,93,136
230,93,137
231,93,138
232,93,139
233,93,140
234,94,140
235,95,140
236,95,141
237,96,141
238,97,141
239,98,141
240,99,141
241,99,142
242,99,143
243,100,143
244,101,143
245,101,144
246,102,144
247,102,145
248,102,146
249,102,147
250,102,148
251,103,148
252,104,148
253,104,149
254,104,150
255,105,150
256,105,151
257,105,152
258,106,152
259,107,152
260,107,153
261,107,154
262,107,155
263,108,155
264,109,155
265,109,156
266,109,157
267,109,158
268,110,158
269,111,158
270,112,158
271,112,159
272,113,159
273,113,160
274,113,161
275,113,162
276,114,162
277,114,163
278,114,164
279,114,165
280,115,165
281,115,166
282,115,167
283,116,167
284,117,167
285,118,167
286,119,167
287,120,167
288,121,167
289,122,167
290,123,167
291,124,167
292,124,168
293,124,169
294,124,170
295,125,170
296,125,171
297,125,172
298,125,173
299,125,174
300,125,175
301,126,175
302,126,176
303,126,177
304,127,177
305,128,177
306,129,177
307,129,178
308,129,179
309,130,179
310,130,180
311,131,180
312,132,180
313,132,181
314,132,182
315,133,182
316,133,183
317,133,184
318,133,185
319,133,186
320,134,186
321,135,186
322,136,186
323,136,187
324,137,187
325,137,188
326,137,189
327,137,190
328,138,190
329,138,191
330,139,191
331,140,191
332,141,191
333,142,191
334,143,191
335,143,192
336,143,193
337,143,194
338,143,195
339,144,195
340,144,196
341,144,197
342,144,198
343,144,199
344,144,200
345,144,201
346,144,202
347,144,203
348,145,203
349,145,204
350,146,204
351,146,205
352,147,205
353,148,205
354,148,206
355,148,207
356,148,208
357,148,209
358,149,209
359,149,210
360,149,211
361,149,212
362,150,212
363,150,213
364,150,214
365,151,214
366,152,214
367,153,214
368,153,215
369,153,216
370,153,217
371,153,218
372,154,218
373,155,218
374,155,219
375,155,220
376,155,221
377,156,221
378,156,222
379,156,223
380,156,224
381,157,224
382,157,225
383,158,225
384,158,226
385,159,226
386,159,227
387,159,228
388,159,229
389,159,230
390,159,231
391,160,231
392,160,232
393,160,233
394,161,233
395,162,233
396,163,233
397,164,233
398,164,234
399,165,234
400,165,235
401,166,235
402,166,236
403,166,237
404,166,238
405,167,238
406,167,239
407,168,239
408,169,239
409,170,239
410,171,239
411,171,240
412,172,240
413,172,241
414,172,242
415,172,243
416,173,243
417,174,243
418,175,243
419,176,243
420,177,243
421,177,244
422,177,245
423,177,246
424,177,247
425,177,248
426,178,248
427,179,248
428,180,248
429,181,248
430,181,249
431,181,250
432,181,251
433,181,252
434,181,253
435,181,254
436,182,254
437,182,255
438,183,255
439,184,255
440,185,255
441,186,255
442,187,255
443,188,255
444,188,256
445,189,256
446,189,257
447,190,257
448,190,258
449,191,258
450,192,258
451,192,259
452,193,259
453,193,260
454,193,261
455,194,261
456,194,262
457,195,262
458,196,262
459,197,262
460,197,263
461,197,264
462,197,265
463,198,265
464,198,266
465,198,267
466,199,267
467,200,267
468,200,268
469,201,268
470,202,268
471,202,269
472,202,270
473,202,271
474,202,272
475,202,273
476,203,273
477,203,274
478,204,274
479,204,275
480,205,275
481,205,276
482,206,276
483,206,277
484,206,278
485,207,278
486,207,279
487,208,279
488,209,279
489,209,280
490,210,280
491,211,280
492,211,281
493,211,282
494,211,283
495,211,284
496,211,285
497,211,286
498,211,287
499,211,288
500,211,289
