1,1,0
2,1,1
3,1,2
4,2,2
5,2,3
6,2,4
7,2,5
8,3,5
9,4,5
10,4,6
11,5,6
12,5,7
13,5,8
14,6,8
15,7,8
16,7,9
17,7,10
18,7,11
19,8,11
20,9,11
21,9,12
22,9,13
23,10,13
24,11,13
25,12,13
26,12,14
27,13,14
28,14,14
29,14,15
30,15,15
31,15,16
32,15,17
33,15,18
34,16,18
35,16,19
36,16,20
37,16,21
38,17,21
39,18,21
40,19,21
41,20,21
42,21,21
43,22,21
44,23,21
45,23,22
46,24,22
47,24,23
48,24,24
49,25,24
50,25,25
51,25,26
52,25,27
53,25,28
54,25,29
55,25,30
56,26,30
57,26,31
58,27,31
59,28,31
60,28,32
61,29,32
62,30,32
63,31,32
64,32,32
65,33,32
66,34,32
67,34,33
68,35,33
69,36,33
70,36,34
71,37,34
72,37,35
73,38,35
74,38,36
75,39,36
76,40,36
77,40,37
78,41,37
79,42,37
80,42,38
81,43,38
82,43,39
83,43,40
84,44,40
85,45,40
86,45,41
87,46,41
88,46,42
89,47,42
90,48,42
91,49,42
92,49,43
93,50,43
94,50,44
95,50,45
96,51,45
97,51,46
98,52,46
99,53,46
100,53,47
101,54,47
102,54,48
103,55,48
104,56,48
105,57,48
106,58,48
107,58,49
108,59,49
109,60,49
110,61,49
111,61,50
112,62,50
113,62,51
114,62,52
115,63,52
116,63,53
117,63,54
118,64,54
119,64,55
120,64,56
121,64,57
122,64,58
123,65,58
124,66,58
125,67,58
126,68,58
127,68,59
128,69,59
129,70,59
130,71,59
131,72,59
132,73,59
133,74,59
134,74,60
135,75,60
136,75,61
137,76,61
138,76,62
139,77,62
140,77,63
141,78,63
142,79,63
143,80,63
144,81,63
145,82,63
146,82,64
147,82,65
148,83,65
149,84,65
150,85,65
151,86,65
152,86,66
153,86,67
154,87,67
155,87,68
156,88,68
157,89,68
158,89,69
159,90,69
160,91,69
161,91,70
162,92,70
163,92,71
164,92,72
165,93,72
166,94,72
167,94,73
168,95,73
169,96,73
170,96,74
171,97,74
172,97,75
173,98,75
174,98,76
175,99,76
176,99,77
177,100,77
178,101,77
179,102,77
180,102,78
181,102,79
182,102,80
183,102,81
184,103,81
185,104,81
186,105,81
187,106,81
188,107,81
189,107,82
190,107,83
191,107,84
192,108,84
193,108,85
194,108,86
195,108,87
196,108,88
197,109,88
198,109,89
199,110,89
200,110,90
201,110,91
202,110,92
203,110,93
204,110,94
205,110,95
206,111,95
207,112,95
208,112,96
209,112,97
210,113,97
211,113,98
212,114,98
213,115,98
214,116,98
215,116,99
216,117,99
217,118,99
218,119,99
219,119,100
220,119,101
221,119,102
222,120,102
223,120,103
224,120,104
225,120,105
226,121,105
227,121,106
228,121,107
229,121,108
230,122,108
231,123,108
232,123,109
233,124,109
234,124,110
235,125,110
236,126,110
237,127,110
238,127,111
239,128,111
240,128,112
241,128,113
242,129,113
243,130,113
244,130,114
245,130,115
246,131,115
247,131,116
248,132,116
249,132,117
250,133,117
251,134,117
252,134,118
253,135,118
254,136,118
255,137,118
256,137,119
257,138,119
258,138,120
259,139,120
260,140,120
261,141,120
262,142,120
263,143,120
264,143,121
265,144,121
266,145,121
267,146,121
268,146,122
269,147,122
270,148,122
271,148,123
272,149,123
273,149,124
274,150,124
275,151,124
276,151,125
277,152,125
278,153,125
279,154,125
280,155,125
281,155,126
282,155,127
283,155,128
284,156,128
285,157,128
286,158,128
287,159,128
288,159,129
289,160,129
290,161,129
291,162,129
292,162,130
293,162,131
294,162,132
295,163,132
296,163,133
297,164,133
298,165,133
299,166,133
300,167,133
301,168,133
302,169,133
303,170,133
304,171,133
305,172,133
306,173,133
307,173,134
308,173,135
309,173,136
310,173,137
311,174,137
312,175,137
313,176,137
314,176,138
315,176,139
316,176,140
317,176,141
318,176,142
319,176,143
320,176,144
321,177,144
322,178,144
323,178,145
324,178,146
325,178,147
326,179,147
327,179,148
328,179,149
329,180,149
330,181,149
331,181,150
332,181,151
333,181,152
334,182,152
335,183,152
336,183,153
337,183,154
338,184,154
339,185,154
340,186,154
341,186,155
342,186,156
343,187,156
344,187,157
345,188,157
346,188,158
347,189,158
348,190,158
349,191,158
350,192,158
351,193,158
352,194,158
353,195,158
354,196,158
355,197,158
356,198,158
357,198,159
358,198,160
359,198,161
360,199,161
361,199,162
362,199,163
363,200,163
364,200,164
365,201,164
366,202,164
367,202,165
368,203,165
369,204,165
370,204,166
371,204,167
372,204,168
373,205,168
374,206,168
375,206,169
376,207,169
377,207,170
378,208,170
379,209,170
380,210,170
381,211,170
382,211,171
383,212,171
384,213,171
385,213,172
386,214,172
387,215,172
388,216,172
389,217,172
390,217,173
391,217,174
392,217,175
393,218,175
394,218,176
395,218,177
396,219,177
397,219,178
398,219,179
399,220,179
400,221,179
401,222,179
402,222,180
403,223,180
404,223,181
405,224,181
406,224,182
407,225,182
408,226,182
409,226,183
410,227,183
411,227,184
412,228,184
413,228,185
414,228,186
415,229,186
416,230,186
417,230,187
418,231,187
419,232,187
420,232,188
421,233,188
422,233,189
423,234,189
424,235,189
425,235,190
426,235,191
427,236,191
428,237,191
429,237,192
430,238,192
431,239,192
432,240,192
433,241,192
434,241,193
435,242,193
436,242,194
437,242,195
438,243,195
439,243,196
440,243,197
441,244,197
442,244,198
443,245,198
444,245,199
445,246,199
446,246,200
447,247,200
448,248,200
449,249,200
450,249,201
451,249,202
452,250,202
453,250,203
454,251,203
455,251,204
456,252,204
457,253,204
458,254,204
459,255,204
460,256,204
461,256,205
462,257,205
463,257,206
464,258,206
465,258,207
466,259,207
467,259,208
468,260,208
469,261,208
470,261,209
471,262,209
472,263,209
473,263,210
474,263,211
475,264,211
476,264,212
477,265,212
478,266,212
479,266,213
480,267,213
481,267,214
482,267,215
483,268,215
484,268,216
485,269,216
486,269,217
487,270,217
488,271,217
489,272,217
490,273,217
491,274,217
492,274,218
493,275,218
494,276,218
495,276,219
496,276,220
497,276,221
498,276,222
499,276,223
500,276,224
