1,1,0
2,1,1
3,1,2
4,1,3
5,2,3
6,2,4
7,3,4
8,3,5
9,4,5
10,4,6
11,5,6
12,5,7
13,5,8
14,6,8
15,6,9
16,6,10
17,7,10
18,7,11
19,8,11
20,9,11
21,10,11
22,10,12
23,10,13
24,10,14
25,10,15
26,10,16
27,11,16
28,12,16
29,12,17
30,13,17
31,13,18
32,13,19
33,13,20
34,14,20
35,14,21
36,14,22
37,14,23
38,14,24
39,14,25
40,15,25
41,15,26
42,16,26
43,16,27
44,17,27
45,17,28
46,18,28
47,18,29
48,19,29
49,20,29
50,21,29
51,22,29
52,22,30
53,23,30
54,24,30
55,24,31
56,25,31
57,25,32
58,25,33
59,26,33
60,27,33
61,28,33
62,28,34
63,29,34
64,30,34
65,31,34
66,32,34
67,33,34
68,34,34
69,34,35
70,35,35
71,36,35
72,36,36
73,37,36
74,37,37
75,38,37
76,38,38
77,39,38
78,40,38
79,41,38
80,42,38
81,42,39
82,42,40
83,42,41
84,43,41
85,44,41
86,45,41
87,45,42
88,46,42
89,46,43
90,46,44
91,46,45
92,47,45
93,48,45
94,49,45
95,49,46
96,49,47
97,49,48
98,50,48
99,50,49
100,51,49
101,52,49
102,53,49
103,53,50
104,53,51
105,53,52
106,54,52
107,55,52
108,56,52
109,57,52
110,58,52
111,59,52
112,59,53
113,60,53
114,60,54
115,61,54
116,62,54
117,63,54
118,64,54
119,65,54
120,66,54
121,66,55
122,67,55
123,68,55
124,69,55
125,69,56
126,70,56
127,70,57
128,70,58
129,71,58
130,72,58
131,72,59
132,72,60
133,72,61
134,72,62
135,72,63
136,73,63
137,74,63
138,75,63
139,76,63
140,76,64
141,77,64
142,78,64
143,79,64
144,79,65
145,80,65
146,80,66
147,80,67
148,80,68
149,81,68
150,81,69
151,81,70
152,82,70
153,83,70
154,83,71
155,83,72
156,84,72
157,84,73
158,85,73
159,85,74
160,85,75
161,85,76
162,85,77
163,85,78
164,85,79
165,86,79
166,87,79
167,88,79
168,89,79
169,89,80
170,90,80
171,91,80
172,91,81
173,91,82
174,91,83
175,92,83
176,93,83
177,93,84
178,94,84
179,94,85
180,94,86
181,94,87
182,95,87
183,96,87
184,97,87
185,97,88
186,98,88
187,99,88
188,100,88
189,100,89
190,101,89
191,101,90
192,101,91
193,102,91
194,102,92
195,103,92
196,103,93
197,103,94
198,104,94
199,105,94
200,106,94
201,106,95
202,106,96
203,106,97
204,107,97
205,108,97
206,108,98
207,109,98
208,110,98
209,111,98
210,112,98
211,112,99
212,113,99
213,113,100
214,113,101
215,113,102
216,114,102
217,115,102
218,115,103
219,115,104
220,116,104
221,116,105
222,116,106
223,117,106
224,118,106
225,119,106
226,120,106
227,121,106
228,122,106
229,123,106
230,123,107
231,123,108
232,123,109
233,123,110
234,123,111
235,124,111
236,124,112
237,124,113
238,125,113
239,126,113
240,127,113
241,128,113
242,128,114
243,128,115
244,128,116
245,128,117
246,129,117
247,130,117
248,130,118
249,130,119
250,130,120
251,131,120
252,132,120
253,132,121
254,133,121
255,134,121
256,135,121
257,135,122
258,135,123
259,136,123
260,137,123
261,138,123
262,138,124
263,138,125
264,139,125
265,139,126
266,139,127
267,140,127
268,140,128
269,141,128
270,142,128
271,143,128
272,143,129
273,143,130
274,143,131
275,144,131
276,144,132
277,144,133
278,145,133
279,145,134
280,145,135
281,145,136
282,145,137
283,145,138
284,145,139
285,146,139
286,147,139
287,147,140
288,148,140
289,148,141
290,149,141
291,149,142
292,150,142
293,151,142
294,152,142
295,153,142
296,154,142
297,154,143
298,154,144
299,154,145
300,155,145
301,155,146
302,156,146
303,157,146
304,157,147
305,157,148
306,158,148
307,159,148
308,160,148
309,161,148
310,161,149
311,162,149
312,163,149
313,163,150
314,164,150
315,164,151
316,165,151
317,165,152
318,166,152
319,166,153
320,167,153
321,168,153
322,168,154
323,168,155
324,169,155
325,170,155
326,171,155
327,172,155
328,173,155
329,173,156
330,174,156
331,175,156
332,175,157
333,175,158
334,175,159
335,176,159
336,176,160
337,176,161
338,176,162
339,177,162
340,177,163
341,177,164
342,178,164
343,179,164
344,180,164
345,180,165
346,180,166
347,180,167
348,180,168
349,181,168
350,181,169
351,182,169
352,182,170
353,182,171
354,182,172
355,182,173
356,182,174
357,183,174
358,184,174
359,185,174
360,185,175
361,186,175
362,186,176
363,187,176
364,187,177
365,188,177
366,189,177
367,190,177
368,191,177
369,191,178
370,192,178
371,193,178
372,193,179
373,194,179
374,195,179
375,196,179
376,196,180
377,196,181
378,196,182
379,197,182
380,198,182
381,199,182
382,200,182
383,200,183
384,200,184
385,201,184
386,201,185
387,201,186
388,201,187
389,202,187
390,202,188
391,203,188
392,204,188
393,205,188
394,206,188
395,207,188
396,208,188
397,209,188
398,209,189
399,210,189
400,210,190
401,210,191
402,211,191
403,211,192
404,211,193
405,212,193
406,213,193
407,213,194
408,214,194
409,215,194
410,216,194
411,216,195
412,216,196
413,217,196
414,217,197
415,218,197
416,219,197
417,219,198
418,219,199
419,219,200
420,220,200
421,220,201
422,220,202
423,220,203
424,221,203
425,221,204
426,221,205
427,222,205
428,222,206
429,223,206
430,223,207
431,223,208
432,224,208
433,224,209
434,224,210
435,224,211
436,224,212
437,225,212
438,225,213
439,226,213
440,226,214
441,227,214
442,227,215
443,228,215
444,228,216
445,228,217
446,229,217
447,230,217
448,231,217
449,232,217
450,232,218
451,233,218
452,233,219
453,233,220
454,234,220
455,234,221
456,234,222
457,235,222
458,235,223
459,235,224
460,236,224
461,237,224
462,237,225
463,238,225
464,239,225
465,240,225
466,241,225
467,242,225
468,243,225
469,244,225
470,245,225
471,246,225
472,246,226
473,247,226
474,247,227
475,248,227
476,248,228
477,249,228
478,250,228
479,250,229
480,251,229
481,251,230
482,252,230
483,252,231
484,252,232
485,252,233
486,253,233
487,253,234
488,253,235
489,254,235
490,255,235
491,255,236
492,255,237
493,256,237
494,257,237
495,257,238
496,257,239
497,258,239
498,259,239
499,259,240
500,260,240
