506,10.44,1.24,8.21,57.599999999999994
506,10.61,1.24,8.37,57.599999999999994
1000,10.77,1.24,8.58,104.03999999999999
501,10.71,1.22,8.56,56.519999999999996
501,10.55,1.24,8.32,56.879999999999995
501,10.66,1.23,8.44,56.16
500,10.62,1.24,8.43,55.8
500,10.54,1.24,8.27,56.519999999999996
500,10.73,1.23,8.5,56.519999999999996
500,10.53,1.23,8.3,56.879999999999995
500,10.53,1.24,8.3,57.239999999999995
500,10.44,1.23,8.22,56.519999999999996
500,10.5,1.23,8.31,57.239999999999995
500,10.46,1.23,8.28,56.16
500,10.57,1.23,8.34,57.599999999999994
500,10.28,1.24,8.08,57.239999999999995
500,10.62,1.23,8.41,55.8
500,10.53,1.22,8.39,56.16
500,10.44,1.23,8.26,56.519999999999996
500,10.56,1.23,8.36,57.599999999999994
500,10.61,1.22,8.45,56.519999999999996
500,10.54,1.22,8.41,55.44
500,10.7,1.22,8.57,56.519999999999996
500,10.49,1.23,8.33,56.879999999999995
500,11.69,0.78,15.82,92.88
500,11.53,0.79,15.4,97.56
500,11.64,0.78,15.7,95.03999999999999
500,11.55,0.79,15.47,96.84
500,11.62,0.79,15.75,103.32
500,11.83,0.74,16.96,95.03999999999999
500,11.66,0.75,16.27,92.16
500,11.91,0.74,16.8,91.44
500,12.32,0.72,17.86,88.92
500,11.9,0.74,16.79,88.92
500,13.78,0.75,19.89,110.52
500,13.79,0.74,19.9,112.67999999999999
500,12.57,0.74,18.04,105.47999999999999
500,12.4,0.69,19.25,102.6
141,11.42,0.76,15.93,39.96
500,12.42,0.68,19.73,100.08
1000,12.54,0.67,19.9,185.4
500,12.11,0.71,17.96,105.83999999999999
500,11.2,0.79,14.69,115.92
500,11.39,0.78,15.28,118.8
500,11.09,0.79,14.76,125.64
500,10.99,0.8,14.28,121.67999999999999
500,10.87,0.8,14.19,127.44
500,10.07,0.88,11.8,117.72
500,13.99,0.73,20.49,113.39999999999999
500,13.75,0.75,19.71,114.47999999999999
500,13.57,0.76,19.38,110.16
500,14.1,0.75,20.53,113.03999999999999
500,14.05,0.75,20.11,111.6
500,12.46,0.75,17.64,102.96
500,12.27,0.75,17.41,105.47999999999999
500,12.24,0.75,17.32,101.16
500,12.36,0.73,17.96,104.39999999999999
500,12.1,0.75,17.05,102.96
500,12.22,0.69,18.86,101.16
500,12.64,0.68,19.94,103.32
500,11.86,0.74,16.75,96.84
500,11.77,0.74,16.55,96.84
500,11.53,0.75,16.09,98.28
500,11.46,0.76,15.8,96.47999999999999
500,11.34,0.75,15.87,96.11999999999999
500,11.54,0.67,17.8,94.32
500,11.69,0.68,17.99,91.44
500,11.67,0.68,18.07,92.16
500,11.59,0.67,17.77,93.24
500,11.48,0.67,17.76,95.75999999999999
500,11.2,0.79,14.95,100.44
500,11.08,0.81,14.31,94.67999999999999
500,11.07,0.8,14.46,92.88
500,11.03,0.81,14.2,97.92
500,11.24,0.8,14.82,94.67999999999999
500,10.96,0.82,13.99,95.39999999999999
500,11.04,0.72,15.98,97.56
500,11.51,0.69,17.25,93.96
500,11.74,0.82,15.05,96.11999999999999
500,11.63,0.82,14.82,95.75999999999999
500,11.64,0.83,14.74,94.67999999999999
500,11.85,0.81,15.32,94.32
500,11.63,0.81,15.05,95.75999999999999
500,12.2,0.7,18.2,92.16
500,12.19,0.7,18.32,97.2
500,11.96,0.72,17.4,96.11999999999999
500,12.08,0.71,17.84,96.11999999999999
500,11.89,0.72,17.2,98.64
500,11.16,0.74,15.6,92.88
500,11.31,0.71,16.3,88.56
500,11.33,0.71,16.42,90.72
500,11.55,0.71,16.77,91.08
500,11.07,0.74,15.46,90.36
500,13.64,0.78,18.39,108.0
500,13.58,0.77,18.58,107.28
500,13.87,0.77,18.94,108.72
500,13.8,0.77,18.74,108.36
500,13.56,0.78,18.42,107.64
