1,17.0,1.75,11.52,11.52
1,6.0,1.39,4.32,4.32
2,5.0,1.39,3.6,5.04
3,8.33,1.39,6.0,7.199999999999999
4,9.8,1.31,7.65,14.76
5,6.0,1.39,4.32,5.76
6,6.09,1.28,4.68,7.92
7,6.52,1.32,5.25,11.16
10,6.2,1.48,4.28,10.08
10,5.09,1.35,3.74,5.3999999999999995
100,7.93,1.1,7.57,21.96
100,13.81,1.22,12.05,29.16
100,15.22,1.11,13.9,29.88
100,17.34,1.18,15.59,32.4
100,15.68,1.29,12.05,21.599999999999998
100,14.81,1.25,11.61,21.96
100,17.13,1.26,13.42,23.759999999999998
100,15.78,1.27,12.32,24.48
100,15.62,1.28,12.0,20.88
100,15.32,1.26,12.28,23.04
100,15.21,1.24,12.34,23.759999999999998
100,15.56,1.21,12.89,26.279999999999998
100,15.73,1.23,12.85,28.439999999999998
100,15.23,1.24,12.37,23.759999999999998
100,15.55,1.21,12.82,24.119999999999997
100,15.27,1.24,12.51,24.48
100,15.31,1.23,12.54,25.2
100,15.6,1.21,12.99,29.52
100,15.26,1.24,12.4,22.68
100,15.14,1.28,11.84,21.599999999999998
100,15.47,1.25,12.32,22.32
100,15.25,1.26,12.05,23.04
100,15.46,1.26,12.25,26.64
100,15.33,1.27,12.12,23.4
100,15.17,1.28,11.87,21.24
100,15.45,1.24,12.39,21.96
100,15.26,1.26,12.04,23.4
100,15.53,1.26,12.28,25.919999999999998
100,15.16,1.27,11.9,22.32
100,15.16,1.24,12.46,25.2
100,15.53,1.19,13.04,25.919999999999998
100,15.26,1.22,12.78,27.36
100,15.63,1.21,13.13,31.68
100,15.22,1.23,12.45,23.4
100,15.21,1.24,12.34,23.759999999999998
100,15.35,1.25,12.33,24.119999999999997
100,15.56,1.21,12.88,26.279999999999998
100,15.73,1.23,12.85,28.439999999999998
100,15.23,1.24,12.37,23.4
100,15.32,1.26,12.28,23.04
100,15.21,1.24,12.34,23.759999999999998
100,15.56,1.21,12.89,26.279999999999998
100,15.73,1.23,12.85,28.439999999999998
100,15.23,1.24,12.37,23.759999999999998
100,15.32,1.26,12.28,23.04
100,15.21,1.24,12.34,23.759999999999998
100,15.56,1.21,12.89,26.279999999999998
100,15.73,1.23,12.85,28.439999999999998
100,15.23,1.24,12.37,23.759999999999998
100,15.34,1.26,12.31,23.04
100,15.21,1.24,12.34,23.759999999999998
100,15.56,1.21,12.88,26.279999999999998
100,15.73,1.23,12.85,28.439999999999998
100,15.22,1.24,12.36,23.04
100,15.21,1.24,12.34,23.759999999999998
100,15.32,1.25,12.33,24.119999999999997
100,15.56,1.21,12.89,26.279999999999998
100,15.73,1.23,12.85,28.439999999999998
100,15.23,1.24,12.37,23.759999999999998
100,15.15,1.23,12.35,23.759999999999998
100,15.24,1.26,12.27,24.119999999999997
100,15.49,1.21,12.83,26.279999999999998
100,15.46,1.24,12.59,28.439999999999998
100,15.17,1.25,12.27,23.4
100,15.06,1.25,12.11,21.599999999999998
100,15.15,1.24,12.29,23.04
100,15.42,1.21,12.73,24.48
100,15.46,1.24,12.59,28.439999999999998
100,15.17,1.25,12.25,23.4
100,15.43,1.25,12.4,23.4
100,15.57,1.23,12.71,24.84
100,15.94,1.21,13.25,26.64
100,16.04,1.22,13.18,28.439999999999998
100,15.74,1.23,12.92,24.119999999999997
100,15.93,1.25,12.74,24.48
100,15.88,1.25,12.75,24.84
100,16.45,1.21,13.65,26.279999999999998
100,16.41,1.22,13.51,28.439999999999998
100,16.41,1.23,13.3,25.919999999999998
100,15.11,1.25,12.14,21.599999999999998
100,15.11,1.23,12.28,23.04
100,15.41,1.21,12.72,24.48
100,15.43,1.24,12.56,28.439999999999998
100,15.16,1.25,12.25,23.04
100,15.12,1.27,11.94,21.96
100,15.22,1.24,12.25,23.759999999999998
100,15.55,1.22,12.77,25.2
100,15.53,1.24,12.51,26.64
100,15.46,1.24,12.59,26.64
100,15.14,1.29,11.72,21.24
100,15.53,1.25,12.33,21.599999999999998
100,15.26,1.28,11.82,22.68
100,15.68,1.25,12.43,24.84
100,15.25,1.28,11.86,21.599999999999998
100,15.21,1.29,11.7,20.88
100,15.63,1.26,12.2,21.599999999999998
100,15.19,1.28,11.75,22.32
100,15.66,1.27,12.23,23.759999999999998
100,15.3,1.28,11.81,22.32
100,15.12,1.28,11.85,21.599999999999998
100,15.45,1.24,12.39,21.96
100,15.26,1.26,12.04,23.4
100,15.53,1.26,12.28,25.919999999999998
100,15.16,1.27,11.9,22.32
100,15.08,1.28,11.8,21.24
100,15.45,1.24,12.39,21.96
100,15.26,1.26,12.04,23.4
100,15.53,1.26,12.28,25.919999999999998
100,15.16,1.27,11.9,22.32
100,15.17,1.28,11.87,21.24
100,15.45,1.24,12.39,21.96
100,15.26,1.26,12.04,23.4
100,15.53,1.26,12.28,25.919999999999998
100,15.16,1.27,11.9,22.32
100,15.12,1.28,11.85,21.599999999999998
100,15.45,1.24,12.39,21.96
100,15.26,1.26,12.04,23.4
100,15.53,1.26,12.28,25.919999999999998
100,15.16,1.27,11.9,22.32
100,15.18,1.27,11.89,21.24
100,15.45,1.24,12.39,21.96
100,15.26,1.26,12.04,23.4
100,15.53,1.26,12.28,25.919999999999998
100,15.16,1.27,11.9,22.32
100,15.26,1.28,11.96,21.599999999999998
100,15.31,1.24,12.22,21.96
100,15.19,1.26,11.99,23.4
100,15.48,1.27,12.24,25.919999999999998
100,15.19,1.28,11.89,23.4
100,15.18,1.28,11.89,21.599999999999998
100,15.28,1.24,12.29,24.48
100,15.18,1.25,12.07,24.48
100,15.46,1.27,12.24,25.919999999999998
100,15.13,1.28,11.85,23.04
100,15.5,1.27,12.21,21.96
100,15.8,1.23,12.76,22.68
100,15.55,1.25,12.34,23.759999999999998
100,15.87,1.26,12.62,25.919999999999998
100,15.77,1.26,12.52,24.48
100,16.13,1.27,12.77,23.4
100,16.62,1.24,13.41,25.2
100,16.03,1.27,12.57,25.2
100,16.77,1.23,13.67,25.919999999999998
100,16.51,1.25,13.19,25.56
100,15.13,1.28,11.87,21.24
100,15.11,1.26,11.96,23.04
100,15.33,1.24,12.36,24.48
100,15.48,1.27,12.25,25.919999999999998
100,15.07,1.28,11.74,22.32
100,15.19,1.28,11.82,20.88
100,15.65,1.24,12.48,21.96
100,15.54,1.26,12.22,24.119999999999997
100,15.24,1.27,11.95,24.48
100,15.27,1.28,11.89,21.24
100,15.22,1.31,11.55,20.16
100,15.26,1.3,11.66,20.88
100,15.45,1.27,11.98,20.88
100,15.6,1.29,11.93,22.68
100,15.28,1.3,11.66,21.24
100,15.27,1.31,11.56,20.52
100,15.56,1.28,11.92,20.52
100,15.76,1.3,11.97,21.96
100,15.19,1.3,11.53,21.96
100,15.27,1.31,11.56,20.52
100,15.63,1.26,12.21,21.24
100,15.28,1.29,11.76,21.24
100,15.22,1.28,11.78,22.32
100,15.65,1.26,12.29,23.759999999999998
100,15.32,1.28,11.88,21.24
100,15.21,1.29,11.7,20.88
100,15.63,1.26,12.2,21.599999999999998
100,15.19,1.28,11.75,22.32
100,15.66,1.27,12.23,23.759999999999998
100,15.3,1.28,11.81,22.32
100,15.21,1.29,11.7,20.88
100,15.63,1.26,12.2,21.599999999999998
100,15.19,1.28,11.75,22.32
100,15.66,1.27,12.23,23.759999999999998
100,15.3,1.28,11.81,22.32
100,15.26,1.29,11.74,21.24
100,15.63,1.26,12.2,21.599999999999998
100,15.22,1.28,11.78,22.32
100,15.69,1.26,12.31,23.759999999999998
100,15.3,1.28,11.86,21.599999999999998
100,15.32,1.29,11.79,21.24
100,15.63,1.26,12.2,21.599999999999998
100,15.19,1.28,11.75,22.32
100,15.66,1.27,12.23,23.759999999999998
100,15.3,1.28,11.81,22.32
100,15.39,1.28,11.9,21.599999999999998
100,15.29,1.29,11.79,22.32
100,15.1,1.28,11.69,23.04
100,15.37,1.28,11.89,23.759999999999998
100,15.28,1.28,11.85,21.599999999999998
100,15.08,1.3,11.52,20.16
100,15.05,1.29,11.58,21.24
100,15.39,1.28,11.9,21.24
100,15.39,1.29,11.9,23.759999999999998
100,15.3,1.29,11.8,21.96
100,15.67,1.28,12.18,21.599999999999998
100,16.06,1.25,12.67,22.32
100,15.39,1.27,11.98,23.4
100,16.14,1.26,12.74,23.759999999999998
100,15.8,1.27,12.34,22.32
100,16.66,1.26,13.1,23.759999999999998
100,16.22,1.27,12.74,24.119999999999997
100,16.06,1.27,12.54,24.84
100,16.37,1.26,12.94,24.84
100,16.74,1.27,13.09,23.759999999999998
100,15.05,1.3,11.51,19.8
100,15.03,1.29,11.57,20.88
100,15.39,1.28,11.91,21.24
100,15.37,1.29,11.89,23.759999999999998
100,15.46,1.29,11.96,21.96
100,15.29,1.3,11.64,20.52
100,15.5,1.27,11.97,20.88
100,15.32,1.3,11.68,21.96
100,15.51,1.29,11.9,22.32
100,15.29,1.29,11.7,20.88
100,15.26,1.32,11.48,20.16
100,15.2,1.31,11.42,20.52
100,15.77,1.31,11.89,20.52
100,15.44,1.3,11.72,21.24
100,15.32,1.32,11.52,20.52
100,15.58,1.31,11.68,19.8
100,15.21,1.33,11.28,19.8
100,15.68,1.32,11.67,20.52
100,15.28,1.32,11.4,20.88
100,15.32,1.33,11.39,20.88
100,15.51,1.28,11.89,20.52
100,15.28,1.31,11.58,20.52
100,15.19,1.3,11.53,21.96
100,15.79,1.3,11.99,21.96
100,15.36,1.31,11.65,21.24
100,15.27,1.31,11.56,20.52
100,15.56,1.28,11.92,20.52
100,15.19,1.3,11.53,21.96
100,15.76,1.3,11.97,21.96
100,15.27,1.31,11.56,20.52
100,15.56,1.28,11.92,20.52
100,15.27,1.31,11.56,20.52
100,15.76,1.3,11.97,21.96
100,15.19,1.3,11.53,21.96
100,15.27,1.31,11.56,20.52
100,15.51,1.28,11.89,20.52
100,15.28,1.31,11.58,20.52
100,15.19,1.3,11.53,21.96
100,15.79,1.3,11.99,21.96
100,15.36,1.31,11.65,21.24
100,15.23,1.31,11.51,19.8
100,15.56,1.28,11.92,20.52
100,15.76,1.3,11.97,21.96
100,15.19,1.3,11.53,21.96
100,15.27,1.31,11.56,20.52
100,15.21,1.31,11.51,19.8
100,15.46,1.31,11.66,20.16
100,15.37,1.29,11.72,20.88
100,15.11,1.3,11.46,20.88
100,15.32,1.31,11.6,20.88
100,15.19,1.31,11.45,19.439999999999998
100,15.48,1.31,11.68,20.16
100,15.09,1.3,11.45,21.24
100,15.4,1.28,11.78,21.24
100,15.33,1.31,11.57,21.24
100,15.62,1.3,11.89,20.88
100,15.9,1.28,12.24,21.599999999999998
100,15.5,1.29,11.82,21.599999999999998
100,16.12,1.29,12.32,21.96
100,15.89,1.29,12.22,22.32
100,16.71,1.29,12.83,21.96
100,16.35,1.3,12.44,23.4
100,16.48,1.28,12.75,23.759999999999998
100,16.12,1.3,12.3,23.759999999999998
100,16.72,1.28,12.98,24.84
100,15.15,1.31,11.43,19.08
100,15.33,1.29,11.7,20.88
100,15.09,1.3,11.45,21.24
100,15.51,1.3,11.75,21.599999999999998
100,15.19,1.31,11.47,20.16
100,15.59,1.32,11.67,19.439999999999998
100,15.28,1.33,11.43,19.8
100,15.49,1.31,11.65,20.16
100,15.19,1.31,11.41,20.52
100,15.36,1.32,11.53,20.52
100,15.22,1.34,11.24,19.08
100,15.76,1.33,11.69,19.8
100,15.1,1.33,11.19,20.16
100,15.57,1.32,11.59,21.24
100,15.19,1.34,11.26,19.439999999999998
100,15.33,1.35,11.25,18.72
100,15.65,1.34,11.5,19.08
100,15.21,1.34,11.16,19.8
100,15.55,1.34,11.44,19.8
100,15.31,1.35,11.23,19.08
100,15.21,1.33,11.26,19.08
100,15.55,1.31,11.66,20.16
100,15.68,1.32,11.68,20.52
100,15.28,1.32,11.4,20.88
100,15.34,1.33,11.41,20.88
100,15.21,1.33,11.28,19.8
100,15.58,1.31,11.68,19.8
100,15.68,1.32,11.67,20.52
100,15.28,1.32,11.4,20.88
100,15.32,1.33,11.39,20.88
100,15.21,1.33,11.28,19.8
100,15.58,1.31,11.68,19.8
100,15.68,1.32,11.67,20.52
100,15.28,1.32,11.4,20.88
100,15.32,1.33,11.39,20.88
100,15.22,1.33,11.3,19.8
100,15.55,1.31,11.66,20.16
100,15.68,1.32,11.68,20.52
100,15.28,1.32,11.4,20.88
100,15.34,1.33,11.41,20.88
100,15.23,1.33,11.28,19.08
100,15.58,1.31,11.68,19.8
100,15.68,1.32,11.67,20.52
100,15.28,1.32,11.4,20.88
100,15.32,1.33,11.39,20.88
100,15.14,1.33,11.21,19.08
100,15.42,1.32,11.55,19.8
100,15.46,1.33,11.48,20.52
100,15.17,1.32,11.35,21.24
100,15.12,1.33,11.19,19.439999999999998
100,15.21,1.33,11.27,19.8
100,15.44,1.31,11.56,20.16
100,15.41,1.33,11.44,20.52
100,15.29,1.32,11.42,21.24
100,15.12,1.33,11.19,19.439999999999998
100,15.63,1.32,11.67,20.16
100,15.97,1.32,11.95,20.52
100,15.68,1.31,11.78,21.599999999999998
100,16.03,1.3,12.13,21.96
100,15.67,1.31,11.82,21.24
100,16.22,1.32,12.14,21.24
100,16.42,1.3,12.48,21.599999999999998
100,16.59,1.32,12.46,21.599999999999998
100,16.18,1.32,12.12,22.68
100,16.76,1.3,12.81,25.56
100,15.05,1.34,11.14,18.72
100,15.35,1.31,11.51,19.8
100,15.44,1.33,11.49,20.16
100,15.18,1.32,11.32,20.52
100,15.12,1.33,11.2,19.8
100,15.27,1.34,11.23,19.08
100,15.21,1.34,11.15,19.08
100,15.59,1.34,11.51,19.439999999999998
100,15.56,1.33,11.48,20.52
100,15.24,1.34,11.22,19.439999999999998
100,15.17,1.35,11.12,18.72
100,15.61,1.34,11.47,18.72
100,15.17,1.34,11.13,19.08
100,15.64,1.34,11.49,20.52
100,15.37,1.35,11.3,19.8
100,15.31,1.35,11.24,18.72
100,15.53,1.34,11.45,19.439999999999998
100,15.71,1.34,11.55,19.8
100,15.21,1.34,11.16,19.8
100,15.4,1.35,11.29,19.439999999999998
100,15.28,1.35,11.22,18.72
100,15.62,1.34,11.49,19.08
100,15.55,1.34,11.44,19.8
100,15.21,1.34,11.16,19.8
100,15.31,1.35,11.23,19.08
100,15.33,1.35,11.25,18.72
100,15.65,1.34,11.5,19.08
100,15.21,1.34,11.16,19.8
100,15.55,1.34,11.44,19.8
100,15.31,1.35,11.23,19.08
100,15.31,1.35,11.24,18.72
100,15.53,1.34,11.45,19.439999999999998
100,15.21,1.34,11.16,19.8
100,15.71,1.34,11.55,19.8
100,15.41,1.35,11.29,19.439999999999998
100,15.21,1.35,11.13,18.72
100,15.62,1.34,11.49,19.08
100,15.21,1.34,11.16,19.8
100,15.55,1.34,11.44,19.8
100,15.31,1.35,11.23,19.08
100,15.24,1.35,11.16,18.72
100,15.58,1.34,11.45,19.08
100,15.08,1.34,11.07,19.8
100,15.41,1.34,11.35,20.16
100,15.37,1.35,11.26,19.439999999999998
100,15.28,1.35,11.19,18.72
100,15.07,1.34,11.06,19.08
100,15.55,1.33,11.46,19.439999999999998
100,15.62,1.35,11.48,19.439999999999998
100,15.34,1.35,11.26,19.439999999999998
100,15.63,1.34,11.56,19.439999999999998
100,15.98,1.34,11.8,19.8
100,16.03,1.32,12.01,20.88
100,15.72,1.34,11.62,20.88
100,15.85,1.34,11.8,20.88
100,16.48,1.32,12.35,21.599999999999998
100,16.43,1.34,12.18,21.599999999999998
100,16.77,1.34,12.45,21.599999999999998
100,16.26,1.35,12.01,22.32
100,16.73,1.33,12.53,22.32
100,15.13,1.35,11.07,18.36
100,15.49,1.35,11.39,18.72
100,15.05,1.34,11.05,19.08
100,15.42,1.33,11.39,20.16
100,15.25,1.35,11.18,19.439999999999998
100,15.19,1.35,11.15,18.72
100,15.14,1.34,11.12,19.08
100,15.43,1.34,11.37,19.439999999999998
100,15.48,1.33,11.45,19.8
100,15.16,1.34,11.13,19.439999999999998
100,15.19,1.35,11.13,18.36
100,15.42,1.35,11.32,18.72
100,15.05,1.34,11.05,19.08
100,15.49,1.33,11.43,20.16
100,15.27,1.35,11.17,19.08
100,15.28,1.35,11.18,18.36
100,15.05,1.34,11.05,19.08
100,15.48,1.35,11.37,19.08
100,15.37,1.33,11.33,19.439999999999998
100,15.25,1.35,11.17,19.439999999999998
100,15.13,1.35,11.07,18.36
100,15.49,1.35,11.39,18.72
100,15.05,1.34,11.05,19.08
100,15.42,1.33,11.39,20.16
100,15.25,1.35,11.18,19.439999999999998
100,15.13,1.35,11.07,18.36
100,15.49,1.35,11.39,18.72
100,15.05,1.34,11.05,19.08
100,15.42,1.33,11.39,20.16
100,15.25,1.35,11.18,19.439999999999998
100,15.16,1.35,11.07,18.36
100,15.46,1.35,11.36,18.72
100,15.05,1.34,11.05,19.08
100,15.42,1.33,11.39,20.16
100,15.25,1.35,11.17,19.439999999999998
100,15.1,1.35,11.08,18.36
100,15.39,1.35,11.3,18.72
100,15.05,1.34,11.05,19.08
100,15.47,1.33,11.44,19.08
100,15.23,1.35,11.16,19.439999999999998
100,15.28,1.35,11.18,18.36
100,15.48,1.35,11.37,19.08
100,15.05,1.34,11.05,19.08
100,15.37,1.33,11.33,19.439999999999998
100,15.25,1.35,11.17,19.439999999999998
100,15.28,1.35,11.18,18.36
100,15.57,1.34,11.46,18.72
100,15.05,1.34,11.05,19.08
100,15.39,1.33,11.36,19.439999999999998
100,15.25,1.35,11.17,19.439999999999998
100,15.1,1.35,11.08,18.36
100,15.39,1.35,11.3,18.72
100,15.47,1.33,11.44,19.08
100,15.05,1.34,11.05,19.08
100,15.26,1.35,11.18,19.08
100,15.11,1.35,11.1,18.36
100,15.42,1.34,11.37,19.439999999999998
100,15.11,1.34,11.11,19.439999999999998
100,15.46,1.33,11.44,19.8
100,15.16,1.34,11.15,19.439999999999998
100,15.13,1.35,11.07,18.36
100,15.41,1.35,11.31,18.72
100,15.05,1.34,11.05,19.08
100,15.49,1.33,11.43,20.16
100,15.21,1.35,11.12,18.72
100,15.04,1.34,11.12,18.72
100,15.4,1.31,11.53,19.8
100,15.37,1.33,11.4,20.16
100,15.18,1.32,11.32,20.52
100,15.12,1.33,11.2,19.8
100,15.13,1.35,11.07,18.36
100,15.49,1.35,11.39,18.72
100,15.05,1.34,11.05,19.08
100,15.41,1.33,11.38,19.08
100,15.26,1.35,11.18,19.08
100,15.39,1.35,11.3,18.72
100,15.15,1.35,11.12,18.72
100,15.51,1.33,11.45,19.439999999999998
100,15.06,1.34,11.04,19.439999999999998
100,15.25,1.35,11.19,18.72
100,15.1,1.35,11.08,18.36
100,15.39,1.35,11.3,18.72
100,15.47,1.33,11.44,19.08
100,15.05,1.34,11.05,19.08
100,15.26,1.35,11.18,19.08
100,15.1,1.35,11.08,18.36
100,15.39,1.35,11.3,18.72
100,15.05,1.34,11.05,19.08
100,15.47,1.33,11.44,19.08
100,15.26,1.35,11.18,19.08
100,15.1,1.35,11.08,18.36
100,15.39,1.35,11.3,18.72
100,15.05,1.34,11.05,19.08
100,15.47,1.33,11.44,19.08
100,15.26,1.35,11.18,19.08
100,15.13,1.35,11.07,18.36
100,15.49,1.35,11.39,18.72
100,15.05,1.34,11.05,19.08
100,15.41,1.33,11.38,19.08
100,15.23,1.35,11.16,19.439999999999998
100,15.39,1.35,11.3,18.72
100,15.15,1.35,11.12,18.72
100,15.06,1.34,11.04,19.439999999999998
100,15.44,1.33,11.4,19.439999999999998
100,15.25,1.35,11.19,18.72
100,15.15,1.35,11.12,18.36
100,15.11,1.34,11.11,19.439999999999998
100,15.42,1.34,11.37,19.439999999999998
100,15.46,1.33,11.44,19.8
100,15.15,1.34,11.15,19.439999999999998
100,15.18,1.35,11.11,18.36
100,15.41,1.35,11.31,18.72
100,15.05,1.34,11.05,19.08
100,15.49,1.33,11.43,20.16
100,15.21,1.35,11.12,18.72
100,15.08,1.34,11.14,18.72
100,15.4,1.31,11.53,19.8
100,15.14,1.32,11.29,20.16
100,15.37,1.33,11.4,20.16
100,15.12,1.33,11.2,19.8
100,15.1,1.35,11.08,18.36
100,15.39,1.35,11.3,18.72
100,15.05,1.34,11.05,19.08
100,15.47,1.33,11.44,19.08
100,15.26,1.35,11.18,19.08
100,15.39,1.35,11.3,18.72
100,15.15,1.35,11.12,18.72
100,15.06,1.34,11.04,19.439999999999998
100,15.51,1.33,11.45,19.439999999999998
100,15.25,1.35,11.19,18.72
100,15.1,1.35,11.08,18.36
100,15.39,1.35,11.3,18.72
100,15.47,1.33,11.44,19.08
100,15.05,1.34,11.05,19.08
100,15.26,1.35,11.18,19.08
100,15.1,1.35,11.08,18.36
100,15.39,1.35,11.3,18.72
100,15.05,1.34,11.05,19.08
100,15.47,1.33,11.44,19.08
100,15.26,1.35,11.18,19.08
100,15.14,1.35,11.15,18.72
100,15.44,1.35,11.35,19.08
100,14.99,1.34,11.04,19.08
100,15.28,1.33,11.32,20.16
100,15.12,1.35,11.17,19.08
100,15.14,1.35,11.15,18.72
100,14.99,1.34,11.04,19.08
100,15.44,1.35,11.35,19.08
100,15.28,1.33,11.32,20.16
100,15.12,1.35,11.17,19.08
100,15.9,1.34,11.75,20.16
100,16.1,1.33,11.98,20.52
100,16.48,1.33,12.28,20.52
100,15.75,1.33,11.69,20.88
100,16.09,1.33,11.98,21.24
100,15.1,1.35,11.1,18.36
100,15.42,1.34,11.37,19.439999999999998
100,15.11,1.34,11.11,19.439999999999998
100,15.46,1.33,11.44,19.8
100,15.16,1.34,11.15,19.439999999999998
100,15.13,1.35,11.07,18.36
100,15.41,1.35,11.31,18.72
100,15.05,1.34,11.05,19.08
100,15.49,1.33,11.43,20.16
100,15.21,1.35,11.12,18.72
100,15.04,1.34,11.12,18.72
100,15.4,1.31,11.53,19.8
100,15.37,1.33,11.4,20.16
100,15.18,1.32,11.32,20.52
100,15.12,1.33,11.2,19.8
100,15.1,1.35,11.08,18.36
100,15.39,1.35,11.3,18.72
100,15.05,1.34,11.05,19.08
100,15.47,1.33,11.44,19.08
100,15.26,1.35,11.18,19.08
100,15.1,1.35,11.08,18.36
100,15.39,1.35,11.3,18.72
100,15.47,1.33,11.44,19.08
100,15.05,1.34,11.05,19.08
100,15.26,1.35,11.18,19.08
100,15.1,1.35,11.08,18.36
100,15.39,1.35,11.3,18.72
100,15.05,1.34,11.05,19.08
100,15.47,1.33,11.44,19.08
100,15.26,1.35,11.18,19.08
100,15.14,1.35,11.15,18.72
100,15.44,1.35,11.35,19.08
100,14.99,1.34,11.04,19.08
100,15.28,1.33,11.32,20.16
100,15.12,1.35,11.17,19.08
100,15.13,1.35,11.07,18.36
100,15.49,1.35,11.39,18.72
100,15.41,1.33,11.38,19.08
100,15.05,1.34,11.05,19.08
100,15.23,1.35,11.16,19.439999999999998
100,15.14,1.35,11.15,18.72
100,15.44,1.35,11.35,19.08
100,14.99,1.34,11.04,19.08
100,15.28,1.33,11.32,20.16
100,15.12,1.35,11.17,19.08
100,16.43,1.34,12.2,20.16
100,15.9,1.34,11.75,20.16
100,16.24,1.33,12.12,21.24
100,16.02,1.34,11.83,21.96
100,16.37,1.33,12.28,21.24
100,15.1,1.35,11.1,18.36
100,15.42,1.34,11.37,19.439999999999998
100,15.11,1.34,11.11,19.439999999999998
100,15.46,1.33,11.44,19.8
100,15.16,1.34,11.15,19.439999999999998
100,15.13,1.35,11.07,18.36
100,15.41,1.35,11.31,18.72
100,15.05,1.34,11.05,19.08
100,15.49,1.33,11.43,20.16
100,15.21,1.35,11.12,18.72
100,15.04,1.34,11.12,18.72
100,15.4,1.31,11.53,19.8
100,15.37,1.33,11.4,20.16
100,15.18,1.32,11.32,20.52
100,15.12,1.33,11.2,19.8
100,15.1,1.35,11.08,18.36
100,15.39,1.35,11.3,18.72
100,15.05,1.34,11.05,19.08
100,15.47,1.33,11.44,19.08
100,15.26,1.35,11.18,19.08
100,15.1,1.35,11.08,18.36
100,15.39,1.35,11.3,18.72
100,15.05,1.34,11.05,19.08
100,15.47,1.33,11.44,19.08
100,15.26,1.35,11.18,19.08
100,15.13,1.35,11.07,18.36
100,15.49,1.35,11.39,18.72
100,15.05,1.34,11.05,19.08
100,15.41,1.33,11.38,19.08
100,15.26,1.35,11.18,19.08
100,15.14,1.35,11.15,18.72
100,15.44,1.35,11.35,19.08
100,14.99,1.34,11.04,19.08
100,15.28,1.33,11.32,20.16
100,15.12,1.35,11.17,19.08
100,15.13,1.35,11.07,18.36
100,15.49,1.35,11.39,18.72
100,15.41,1.33,11.38,19.08
100,15.05,1.34,11.05,19.08
100,15.23,1.35,11.16,19.439999999999998
100,15.14,1.35,11.15,18.72
100,14.99,1.34,11.04,19.08
100,15.44,1.35,11.35,19.08
100,15.28,1.33,11.32,20.16
100,15.12,1.35,11.17,19.08
100,16.58,1.34,12.31,20.52
100,16.06,1.34,11.91,20.88
100,16.24,1.33,12.12,21.24
100,16.09,1.34,11.89,21.96
100,16.52,1.33,12.34,22.32
100,15.13,1.35,11.11,18.36
100,15.14,1.34,11.12,19.08
100,15.43,1.34,11.37,19.439999999999998
100,15.48,1.33,11.45,19.8
100,15.16,1.34,11.15,19.439999999999998
100,15.2,1.35,11.12,18.72
100,15.42,1.35,11.32,18.72
100,15.05,1.34,11.05,19.08
100,15.49,1.33,11.43,20.16
100,15.21,1.35,11.12,18.72
100,15.04,1.34,11.12,18.72
100,15.35,1.31,11.51,19.8
100,15.44,1.33,11.49,20.16
100,15.18,1.32,11.32,20.52
100,15.12,1.33,11.2,19.8
100,15.13,1.35,11.07,18.36
100,15.49,1.35,11.39,18.72
100,15.05,1.34,11.05,19.08
100,15.41,1.33,11.38,19.08
100,15.26,1.35,11.18,19.08
100,15.1,1.35,11.08,18.36
100,15.39,1.35,11.3,18.72
100,15.05,1.34,11.05,19.08
100,15.47,1.33,11.44,19.08
100,15.26,1.35,11.18,19.08
100,15.15,1.35,11.09,18.36
100,15.46,1.35,11.36,18.72
100,15.41,1.33,11.38,19.08
100,15.05,1.34,11.05,19.08
100,15.23,1.35,11.16,19.08
100,15.16,1.35,11.07,18.36
100,15.48,1.35,11.37,19.08
100,15.05,1.34,11.05,19.08
100,15.42,1.33,11.39,20.16
100,15.25,1.35,11.17,19.439999999999998
100,15.1,1.35,11.08,18.36
100,15.39,1.35,11.3,18.72
100,15.05,1.34,11.05,19.08
100,15.44,1.33,11.41,19.439999999999998
100,15.26,1.35,11.18,19.08
100,15.63,1.34,11.56,19.439999999999998
100,16.27,1.33,12.1,20.16
100,16.03,1.32,12.01,20.88
100,15.72,1.34,11.62,20.88
100,15.76,1.34,11.69,20.52
100,15.19,1.34,11.16,18.36
100,15.14,1.34,11.12,19.08
100,15.48,1.34,11.39,19.439999999999998
100,15.49,1.33,11.46,20.52
100,15.17,1.34,11.14,19.08
100,15.21,1.35,11.15,18.36
100,15.05,1.34,11.05,19.08
100,15.5,1.35,11.37,19.08
100,15.49,1.33,11.43,20.16
100,15.3,1.36,11.19,19.08
100,15.1,1.33,11.19,18.72
100,15.35,1.31,11.51,19.8
100,15.19,1.32,11.33,20.16
100,15.36,1.33,11.4,20.52
100,15.12,1.33,11.2,19.8
100,15.21,1.35,11.14,18.36
100,15.46,1.35,11.36,18.72
100,15.05,1.34,11.05,19.08
100,15.37,1.33,11.33,19.439999999999998
100,15.23,1.35,11.16,19.08
100,15.13,1.35,11.07,18.36
100,15.49,1.35,11.39,18.72
100,15.05,1.34,11.05,19.08
100,15.41,1.33,11.38,19.08
100,15.23,1.35,11.16,19.439999999999998
100,15.13,1.35,11.07,18.36
100,15.49,1.35,11.39,18.72
100,15.41,1.33,11.38,19.08
100,15.05,1.34,11.05,19.08
100,15.23,1.35,11.16,19.439999999999998
100,15.28,1.35,11.18,18.36
100,15.48,1.35,11.37,19.08
100,15.05,1.34,11.05,19.08
100,15.37,1.33,11.33,19.439999999999998
100,15.25,1.35,11.17,19.439999999999998
100,15.28,1.35,11.18,18.36
100,15.48,1.35,11.35,18.72
100,15.05,1.34,11.05,19.08
100,15.39,1.33,11.36,19.439999999999998
100,15.25,1.35,11.17,19.439999999999998
100,15.13,1.35,11.07,18.36
100,15.49,1.35,11.39,18.72
100,15.41,1.33,11.38,19.08
100,15.05,1.34,11.05,19.08
100,15.26,1.35,11.18,19.08
100,15.33,1.35,11.25,18.72
100,15.65,1.34,11.5,19.08
100,15.55,1.34,11.44,19.8
100,15.21,1.34,11.16,19.8
100,15.31,1.35,11.23,19.08
100,15.13,1.35,11.11,18.36
100,15.14,1.34,11.12,19.08
100,15.43,1.34,11.37,19.439999999999998
100,15.48,1.33,11.45,19.8
100,15.16,1.34,11.15,19.439999999999998
100,15.2,1.35,11.12,18.72
100,15.42,1.35,11.32,18.72
100,15.05,1.34,11.05,19.08
100,15.49,1.33,11.43,20.16
100,15.21,1.35,11.12,18.72
100,15.04,1.34,11.12,18.72
100,15.35,1.31,11.51,19.8
100,15.44,1.33,11.49,20.16
100,15.18,1.32,11.32,20.52
100,15.12,1.33,11.2,19.8
100,15.13,1.35,11.07,18.36
100,15.49,1.35,11.39,18.72
100,15.41,1.33,11.38,19.08
100,15.05,1.34,11.05,19.08
100,15.26,1.35,11.18,19.08
100,15.15,1.35,11.12,18.72
100,15.39,1.35,11.3,18.72
100,15.51,1.33,11.45,19.439999999999998
100,15.06,1.34,11.04,19.439999999999998
100,15.25,1.35,11.19,18.72
100,15.1,1.35,11.08,18.36
100,15.39,1.35,11.3,18.72
100,15.05,1.34,11.05,19.08
100,15.47,1.33,11.44,19.08
100,15.26,1.35,11.18,19.08
100,15.13,1.35,11.07,18.36
100,15.49,1.35,11.39,18.72
100,15.05,1.34,11.05,19.08
100,15.41,1.33,11.38,19.08
100,15.26,1.35,11.18,19.08
100,15.21,1.35,11.16,18.72
100,15.41,1.35,11.33,18.72
100,15.04,1.34,11.02,19.08
100,15.44,1.33,11.41,19.439999999999998
100,15.27,1.35,11.22,19.439999999999998
100,15.62,1.34,11.58,19.439999999999998
100,16.16,1.33,12.03,19.8
100,15.6,1.34,11.52,20.52
100,16.03,1.33,12.0,21.24
100,15.73,1.34,11.64,20.52
100,15.13,1.35,11.11,18.36
100,15.14,1.34,11.12,19.08
100,15.43,1.34,11.37,19.439999999999998
100,15.48,1.33,11.45,19.8
100,15.17,1.34,11.14,19.08
100,15.19,1.35,11.13,18.36
100,15.42,1.35,11.32,18.72
100,15.05,1.34,11.05,19.08
100,15.49,1.33,11.43,20.16
100,15.21,1.35,11.12,18.72
100,15.04,1.34,11.12,18.72
100,15.35,1.31,11.51,19.8
100,15.44,1.33,11.49,20.16
100,15.18,1.32,11.32,20.52
100,15.12,1.33,11.2,19.8
100,15.21,1.35,11.14,18.36
100,15.46,1.35,11.36,18.72
100,15.05,1.34,11.05,19.08
100,15.37,1.33,11.33,19.439999999999998
100,15.25,1.35,11.16,19.08
100,15.49,1.35,11.39,18.72
100,15.15,1.35,11.12,18.72
100,15.42,1.33,11.4,19.08
100,15.06,1.34,11.04,19.439999999999998
100,15.25,1.35,11.19,18.72
100,15.13,1.35,11.07,18.36
100,15.49,1.35,11.39,18.72
100,15.05,1.34,11.05,19.08
100,15.41,1.33,11.38,19.08
100,15.26,1.35,11.18,19.08
100,15.15,1.35,11.09,18.36
100,15.46,1.35,11.36,18.72
100,15.41,1.33,11.38,19.08
100,15.05,1.34,11.05,19.08
100,15.23,1.35,11.16,19.08
100,15.39,1.35,11.3,18.72
100,15.15,1.35,11.12,18.72
100,15.06,1.34,11.04,19.439999999999998
100,15.51,1.33,11.45,19.439999999999998
100,15.25,1.35,11.19,18.72
100,15.33,1.35,11.25,18.72
100,15.62,1.34,11.49,19.08
100,15.55,1.34,11.44,19.8
100,15.21,1.34,11.16,19.8
100,15.31,1.35,11.23,19.08
100,15.19,1.34,11.16,18.36
100,15.14,1.34,11.12,19.08
100,15.48,1.34,11.39,19.439999999999998
100,15.49,1.33,11.46,20.52
100,15.17,1.34,11.14,19.08
100,15.21,1.35,11.15,18.36
100,15.5,1.35,11.37,19.08
100,15.05,1.34,11.05,19.08
100,15.49,1.33,11.43,20.16
100,15.3,1.36,11.19,19.08
100,15.1,1.33,11.19,18.72
100,15.35,1.31,11.51,19.8
100,15.19,1.32,11.33,20.16
100,15.36,1.33,11.4,20.52
100,15.12,1.33,11.2,19.8
100,15.28,1.35,11.18,18.36
100,15.46,1.35,11.36,18.72
100,15.05,1.34,11.05,19.08
100,15.37,1.33,11.33,19.439999999999998
100,15.23,1.35,11.16,19.08
100,15.49,1.35,11.39,18.72
100,15.15,1.35,11.12,18.72
100,15.42,1.33,11.4,19.08
100,15.06,1.34,11.04,19.439999999999998
100,15.2,1.35,11.13,19.08
100,15.15,1.35,11.09,18.36
100,15.46,1.35,11.36,18.72
100,15.05,1.34,11.05,19.08
100,15.41,1.33,11.38,19.08
100,15.23,1.35,11.16,19.08
100,15.28,1.35,11.18,18.36
100,15.48,1.35,11.37,19.08
100,15.05,1.34,11.05,19.08
100,15.37,1.33,11.33,19.439999999999998
100,15.25,1.35,11.17,19.439999999999998
100,15.15,1.35,11.12,18.72
100,15.49,1.35,11.39,18.72
100,15.42,1.33,11.4,19.08
100,15.06,1.34,11.04,19.439999999999998
100,15.25,1.35,11.19,18.72
100,15.28,1.35,11.18,18.36
100,15.48,1.35,11.37,19.08
100,15.05,1.34,11.05,19.08
100,15.37,1.33,11.33,19.439999999999998
100,15.25,1.35,11.17,19.439999999999998
100,15.33,1.35,11.25,18.72
100,15.65,1.34,11.5,19.08
100,15.21,1.34,11.16,19.8
100,15.55,1.34,11.44,19.8
100,15.31,1.35,11.23,19.08
100,15.19,1.34,11.16,18.36
100,15.14,1.34,11.12,19.08
100,15.48,1.34,11.39,19.439999999999998
100,15.49,1.33,11.46,20.52
100,15.17,1.34,11.14,19.08
100,15.21,1.35,11.15,18.36
100,15.05,1.34,11.05,19.08
100,15.5,1.35,11.37,19.08
100,15.49,1.33,11.43,20.16
100,15.3,1.36,11.19,19.08
100,15.1,1.33,11.19,18.72
100,15.35,1.31,11.51,19.8
100,15.19,1.32,11.33,20.16
100,15.36,1.33,11.4,20.52
100,15.12,1.33,11.2,19.8
100,15.21,1.35,11.14,18.36
100,15.46,1.35,11.36,18.72
100,15.05,1.34,11.05,19.08
100,15.37,1.33,11.33,19.439999999999998
100,15.23,1.35,11.16,19.08
100,15.15,1.35,11.12,18.72
100,15.49,1.35,11.39,18.72
100,15.42,1.33,11.4,19.08
100,15.06,1.34,11.04,19.439999999999998
100,15.2,1.35,11.13,19.08
100,15.15,1.35,11.09,18.36
100,15.46,1.35,11.36,18.72
100,15.41,1.33,11.38,19.08
100,15.05,1.34,11.05,19.08
100,15.23,1.35,11.16,19.08
100,16.57,1.19,14.49,32.4
100,17.44,1.19,15.07,33.839999999999996
100,16.91,1.11,15.47,28.08
100,16.86,1.11,15.83,30.24
100,15.4,1.14,13.78,30.599999999999998
100,16.3,1.09,15.11,32.76
100,16.02,1.1,14.8,28.08
100,15.27,1.07,14.34,27.72
100,16.12,1.06,15.67,30.959999999999997
100,16.8,1.06,16.67,32.4
100,16.73,1.05,16.71,36.72
100,16.46,1.02,16.47,29.16
100,15.68,1.16,13.54,25.56
100,16.66,1.14,14.77,27.0
100,16.71,1.15,14.88,27.36
100,16.51,1.14,14.51,31.68
100,16.24,1.13,14.31,25.2
100,15.37,1.15,13.47,26.279999999999998
100,16.59,1.14,14.77,27.0
100,16.83,1.13,15.24,29.52
100,16.31,1.14,14.43,30.959999999999997
100,16.22,1.15,14.06,27.0
100,15.15,1.09,14.18,27.36
100,16.54,1.08,15.94,31.32
100,17.03,1.05,17.63,38.519999999999996
100,16.26,1.04,16.43,42.48
100,16.35,1.05,16.05,35.28
100,15.26,1.15,13.36,26.64
100,16.87,1.11,15.42,28.08
100,16.96,1.1,16.12,33.12
100,16.18,1.1,15.13,34.92
100,16.21,1.09,15.16,33.48
100,15.23,1.14,13.45,25.919999999999998
100,16.9,1.11,15.56,28.08
100,16.53,1.11,15.52,29.88
100,16.05,1.1,14.88,32.76
100,16.02,1.1,14.8,28.08
100,15.49,1.14,13.69,24.84
100,15.98,1.1,14.63,27.0
100,16.89,1.11,15.49,28.08
100,16.62,1.11,15.58,30.24
100,16.05,1.09,14.91,28.08
100,15.26,1.15,13.36,26.64
100,16.87,1.11,15.42,28.08
100,16.92,1.1,15.9,30.24
100,16.18,1.1,15.13,34.92
100,16.21,1.09,15.16,33.48
100,16.8,1.11,15.35,28.08
100,16.86,1.11,15.83,30.24
100,15.4,1.14,13.78,30.599999999999998
100,16.3,1.09,15.11,32.76
100,16.02,1.1,14.8,28.08
100,15.26,1.15,13.36,26.64
100,16.91,1.11,15.47,28.08
100,16.94,1.1,15.94,29.88
100,16.3,1.09,15.11,32.76
100,16.02,1.1,14.8,28.08
100,15.27,1.15,13.36,25.919999999999998
100,16.87,1.11,15.42,28.08
100,16.91,1.1,16.08,32.04
100,16.37,1.09,15.32,34.92
100,16.21,1.09,15.16,33.48
100,15.47,1.14,13.67,24.84
100,15.98,1.1,14.63,27.0
100,16.61,1.11,15.51,28.08
100,16.89,1.11,15.49,28.08
100,16.05,1.09,14.91,28.08
100,14.49,1.16,12.55,24.84
100,15.42,1.12,14.14,25.919999999999998
100,15.95,1.11,15.14,28.08
100,16.02,1.12,14.55,28.439999999999998
100,15.54,1.09,14.49,27.72
100,16.89,1.11,15.39,27.0
100,15.62,1.14,13.97,29.16
100,17.01,1.1,16.18,33.839999999999996
100,16.2,1.1,15.15,34.92
100,16.17,1.09,15.26,31.68
100,14.57,1.08,13.58,27.72
100,15.86,1.05,15.55,28.08
100,16.05,1.08,15.84,31.32
100,15.68,1.06,15.59,38.519999999999996
100,15.58,1.04,15.42,32.4
100,14.79,1.17,12.6,22.68
100,15.93,1.17,13.62,23.4
100,15.55,1.17,13.37,26.279999999999998
100,16.22,1.16,14.55,28.439999999999998
100,15.45,1.15,13.42,27.0
100,14.57,1.17,12.38,23.759999999999998
100,16.04,1.15,14.36,25.919999999999998
100,16.25,1.15,14.46,26.279999999999998
100,15.51,1.16,13.41,27.36
100,15.43,1.15,13.44,27.0
100,14.52,1.11,13.33,25.919999999999998
100,16.29,1.06,16.64,33.12
100,15.98,1.06,15.7,34.199999999999996
100,15.62,1.07,15.78,42.48
100,15.54,1.07,14.81,34.92
100,14.49,1.16,12.55,24.84
100,15.42,1.12,14.14,25.919999999999998
100,15.95,1.11,15.14,28.08
100,16.06,1.12,14.61,28.439999999999998
100,15.54,1.09,14.49,27.72
100,14.53,1.15,12.65,24.84
100,16.01,1.12,14.53,26.279999999999998
100,15.5,1.11,14.26,27.0
100,15.95,1.1,15.2,30.24
100,15.63,1.08,14.86,29.52
100,14.55,1.15,12.72,24.84
100,15.44,1.12,14.16,25.919999999999998
100,16.05,1.12,14.62,26.279999999999998
100,16.15,1.1,15.51,31.32
100,15.52,1.09,14.55,29.52
100,14.49,1.16,12.55,24.84
100,15.42,1.12,14.14,25.919999999999998
100,15.95,1.11,15.14,28.08
100,16.06,1.12,14.61,28.439999999999998
100,15.55,1.09,14.53,29.52
100,14.58,1.15,12.69,24.84
100,15.5,1.12,14.2,25.919999999999998
100,16.03,1.12,14.52,27.0
100,16.13,1.1,15.53,30.24
100,15.54,1.1,14.32,27.72
100,14.55,1.15,12.65,24.84
100,15.51,1.12,14.18,27.36
100,16.08,1.11,14.83,27.72
100,15.98,1.11,15.12,29.52
100,15.56,1.08,14.78,29.16
100,14.4,1.16,12.52,24.84
100,15.83,1.1,14.78,28.439999999999998
100,15.37,1.1,14.4,28.439999999999998
100,15.98,1.11,15.26,30.24
100,15.36,1.08,14.51,27.72
100,15.0,1.14,13.24,24.84
100,15.87,1.11,14.58,27.0
100,16.32,1.12,14.8,27.0
100,16.33,1.1,15.61,28.439999999999998
100,15.83,1.09,14.75,29.88
100,14.37,1.15,12.63,24.84
100,15.75,1.1,14.76,27.72
100,15.35,1.1,14.36,28.439999999999998
100,15.94,1.12,15.17,29.52
100,15.3,1.07,14.56,27.36
100,14.3,1.08,13.44,27.72
100,15.75,1.05,15.62,27.72
100,15.33,1.06,15.47,32.76
100,15.87,1.05,16.51,33.839999999999996
100,15.21,1.02,15.35,33.48
100,14.42,1.2,11.89,22.68
100,15.47,1.14,13.71,25.2
100,15.83,1.15,14.25,25.56
100,15.76,1.16,13.69,25.919999999999998
100,15.38,1.14,13.54,25.919999999999998
100,14.38,1.18,12.12,23.759999999999998
100,15.46,1.14,13.78,25.56
100,15.83,1.15,14.26,25.56
100,15.7,1.17,13.69,26.64
100,15.41,1.12,13.83,28.439999999999998
100,14.49,1.12,13.26,25.919999999999998
100,15.98,1.05,15.77,29.88
100,16.06,1.08,16.35,31.32
100,15.48,1.04,16.21,42.48
100,15.22,1.03,15.28,28.799999999999997
100,14.46,1.15,12.66,24.84
100,15.88,1.12,15.09,28.08
100,15.35,1.1,14.36,28.439999999999998
100,15.83,1.1,14.8,28.799999999999997
100,15.3,1.07,14.56,27.36
100,14.37,1.16,12.57,24.84
100,15.75,1.1,14.76,27.72
100,15.35,1.1,14.36,28.439999999999998
100,15.95,1.12,15.23,29.52
100,15.3,1.07,14.56,27.36
100,14.37,1.16,12.57,24.84
100,15.39,1.1,14.49,27.0
100,15.81,1.1,14.76,27.72
100,15.94,1.11,15.24,28.439999999999998
100,15.33,1.07,14.78,29.52
100,14.46,1.15,12.66,24.84
100,15.88,1.12,15.09,28.08
100,15.35,1.1,14.36,28.439999999999998
100,15.83,1.1,14.8,28.799999999999997
100,15.3,1.07,14.56,27.36
100,14.37,1.15,12.63,24.84
100,15.75,1.1,14.76,27.72
100,15.35,1.1,14.36,28.439999999999998
100,16.04,1.12,15.38,31.32
100,15.3,1.07,14.56,27.36
100,14.43,1.15,12.68,24.48
100,15.75,1.1,14.76,27.72
100,15.35,1.1,14.36,28.439999999999998
100,15.94,1.12,15.17,29.52
100,15.3,1.07,14.56,27.36
100,14.35,1.16,12.53,24.84
100,15.82,1.1,14.8,27.72
100,15.34,1.1,14.41,28.439999999999998
100,15.95,1.12,15.11,28.439999999999998
100,15.32,1.08,14.43,29.88
100,14.37,1.16,12.57,24.84
100,15.39,1.1,14.49,27.0
100,15.94,1.11,15.24,28.439999999999998
100,15.76,1.1,14.76,28.439999999999998
100,15.33,1.07,14.78,29.52
100,14.38,0.97,15.7,34.199999999999996
100,16.07,0.97,19.53,39.96
100,15.81,0.95,18.47,40.68
100,15.39,0.96,18.46,41.04
100,15.25,0.92,18.69,61.199999999999996
100,14.48,1.13,13.2,26.279999999999998
100,15.8,1.08,15.14,28.08
100,15.89,1.1,15.52,30.599999999999998
100,15.51,1.06,15.72,39.96
100,15.3,1.07,14.77,28.08
100,14.43,1.05,13.93,29.52
100,15.75,1.01,16.46,32.4
100,15.26,1.03,16.23,33.839999999999996
100,15.84,1.03,17.31,38.16
100,15.32,0.98,16.85,39.24
100,14.3,1.08,13.44,27.72
100,15.73,1.05,15.61,27.72
100,15.92,1.06,16.17,29.88
100,15.33,1.06,15.47,32.76
100,15.21,1.02,15.35,33.48
100,15.75,1.05,15.62,27.72
100,14.3,1.08,13.44,27.72
100,15.33,1.06,15.47,32.76
100,15.87,1.05,16.51,33.839999999999996
100,15.21,1.02,15.35,33.48
100,15.72,1.05,15.49,27.72
100,14.39,1.08,13.48,27.72
100,15.33,1.06,15.47,32.76
100,15.88,1.05,16.43,32.76
100,15.21,1.02,15.35,33.48
100,14.3,1.08,13.44,27.72
100,15.73,1.05,15.61,27.72
100,15.92,1.06,16.17,29.88
100,15.33,1.06,15.47,32.76
100,15.21,1.02,15.35,33.48
100,15.75,1.05,15.62,27.72
100,14.3,1.08,13.44,27.72
100,15.33,1.06,15.47,32.76
100,15.87,1.05,16.51,33.839999999999996
100,15.21,1.02,15.35,33.48
100,15.75,1.05,15.62,27.72
100,14.3,1.08,13.44,27.72
100,15.87,1.06,16.31,30.24
100,15.33,1.06,15.47,32.76
100,15.21,1.02,15.35,33.48
100,15.73,1.05,15.61,27.72
100,14.37,1.08,13.44,27.72
100,15.89,1.06,16.29,32.04
100,15.33,1.06,15.47,32.76
100,15.21,1.02,15.35,33.48
100,14.39,1.08,13.48,27.72
100,15.72,1.05,15.49,27.72
100,15.92,1.06,16.37,30.959999999999997
100,15.33,1.06,15.47,32.76
100,15.21,1.02,15.35,33.48
100,14.38,0.97,15.7,34.199999999999996
100,15.81,0.95,18.47,40.68
100,15.43,0.96,18.48,41.04
100,16.06,0.96,20.45,43.199999999999996
100,15.25,0.92,18.69,61.199999999999996
100,14.52,1.13,13.31,26.279999999999998
100,15.8,1.08,15.14,28.08
100,15.89,1.1,15.52,30.599999999999998
100,15.52,1.06,15.73,39.96
100,15.31,1.07,14.76,28.08
100,14.43,1.05,13.93,29.52
100,15.75,1.01,16.46,32.4
100,15.26,1.03,16.23,33.839999999999996
100,15.84,1.03,17.31,38.16
100,15.28,0.98,16.66,35.64
100,15.73,1.05,15.61,27.72
100,14.3,1.08,13.44,27.72
100,15.92,1.06,16.17,29.88
100,15.33,1.06,15.47,32.76
100,15.21,1.02,15.35,33.48
100,14.3,1.08,13.44,27.72
100,15.75,1.05,15.62,27.72
100,15.33,1.06,15.47,32.76
100,15.87,1.05,16.69,34.199999999999996
100,15.21,1.02,15.35,33.48
100,15.72,1.05,15.49,27.72
100,14.39,1.08,13.48,27.72
100,15.33,1.06,15.47,32.76
100,15.88,1.05,16.43,32.76
100,15.21,1.02,15.35,33.48
100,14.3,1.08,13.44,27.72
100,15.73,1.05,15.61,27.72
100,15.92,1.06,16.17,29.88
100,15.33,1.06,15.47,32.76
100,15.21,1.02,15.35,33.48
100,14.3,1.08,13.44,27.72
100,15.73,1.05,15.61,27.72
100,15.92,1.06,16.17,29.88
100,15.33,1.06,15.47,32.76
100,15.21,1.02,15.35,33.48
100,14.37,1.08,13.44,27.72
100,15.77,1.05,15.61,28.439999999999998
100,15.88,1.06,16.14,29.52
100,15.32,1.06,15.45,30.959999999999997
100,15.27,1.02,15.49,33.48
100,14.39,1.08,13.48,27.72
100,15.72,1.05,15.49,27.72
100,15.92,1.06,16.37,30.959999999999997
100,15.33,1.06,15.47,32.76
100,15.21,1.02,15.35,33.48
100,14.65,1.07,13.73,27.72
100,15.93,1.05,15.78,29.52
100,16.02,1.08,15.72,30.599999999999998
100,15.64,1.09,15.38,38.519999999999996
100,15.58,1.03,15.61,35.28
100,14.4,0.96,15.75,34.199999999999996
100,16.07,0.97,19.53,39.96
100,15.81,0.95,18.47,40.68
100,15.39,0.96,18.46,41.04
100,15.28,0.93,18.7,61.559999999999995
100,14.37,1.16,12.57,24.84
100,15.75,1.1,14.76,27.72
100,15.35,1.1,14.36,28.439999999999998
100,15.95,1.12,15.23,29.52
100,15.3,1.07,14.56,27.36
100,14.51,1.13,13.19,26.279999999999998
100,15.8,1.08,15.14,28.08
100,15.84,1.11,15.37,32.04
100,15.51,1.06,15.72,39.96
100,15.3,1.07,14.77,28.08
100,14.43,1.05,13.93,29.52
100,15.26,1.03,16.23,33.839999999999996
100,15.81,1.01,16.68,34.92
100,15.84,1.03,17.31,38.16
100,15.3,0.97,16.85,39.24
100,15.75,1.05,15.62,27.72
100,14.3,1.08,13.44,27.72
100,15.33,1.06,15.47,32.76
100,15.87,1.05,16.69,34.199999999999996
100,15.21,1.02,15.35,33.48
100,15.72,1.05,15.49,27.72
100,14.39,1.08,13.48,27.72
100,15.88,1.05,16.43,32.76
100,15.33,1.06,15.47,32.76
100,15.21,1.02,15.35,33.48
100,14.3,1.08,13.44,27.72
100,15.73,1.05,15.61,27.72
100,15.92,1.06,16.17,29.88
100,15.33,1.06,15.47,32.76
100,15.21,1.02,15.35,33.48
100,14.3,1.08,13.44,27.72
100,15.75,1.05,15.62,27.72
100,15.33,1.06,15.47,32.76
100,15.87,1.05,16.69,34.199999999999996
100,15.21,1.02,15.35,33.48
100,15.73,1.05,15.61,27.72
100,14.37,1.08,13.44,27.72
100,15.89,1.06,16.29,32.04
100,15.33,1.06,15.47,32.76
100,15.21,1.02,15.35,33.48
100,15.72,1.05,15.49,27.72
100,14.39,1.08,13.48,27.72
100,15.92,1.06,16.37,30.959999999999997
100,15.33,1.06,15.47,32.76
100,15.21,1.02,15.35,33.48
100,14.65,1.07,13.73,27.72
100,16.05,1.04,16.01,30.24
100,15.5,1.09,15.06,32.76
100,16.07,1.08,15.9,33.48
100,15.53,1.04,15.43,32.04
100,14.4,0.96,15.75,34.199999999999996
100,16.07,0.97,19.53,39.96
100,15.81,0.95,18.47,40.68
100,15.39,0.96,18.46,41.04
100,15.28,0.93,18.7,61.559999999999995
100,14.37,1.16,12.57,24.84
100,15.75,1.1,14.76,27.72
100,15.35,1.1,14.36,28.439999999999998
100,15.95,1.12,15.23,29.52
100,15.3,1.07,14.56,27.36
100,14.51,1.13,13.19,26.279999999999998
100,15.8,1.08,15.14,28.08
100,15.84,1.11,15.37,32.04
100,15.51,1.06,15.72,39.96
100,15.3,1.07,14.77,28.08
100,14.43,1.05,13.93,29.52
100,15.26,1.03,16.23,33.839999999999996
100,15.81,1.01,16.68,34.92
100,15.84,1.03,17.31,38.16
100,15.26,0.98,16.66,35.64
100,14.3,1.08,13.44,27.72
100,15.75,1.05,15.62,27.72
100,15.33,1.06,15.47,32.76
100,15.87,1.05,16.69,34.199999999999996
100,15.21,1.02,15.35,33.48
100,14.39,1.08,13.48,27.72
100,15.72,1.05,15.49,27.72
100,15.88,1.05,16.43,32.76
100,15.33,1.06,15.47,32.76
100,15.21,1.02,15.35,33.48
100,14.3,1.08,13.44,27.72
100,15.73,1.05,15.61,27.72
100,15.92,1.06,16.17,29.88
100,15.33,1.06,15.47,32.76
100,15.21,1.02,15.35,33.48
100,14.3,1.08,13.44,27.72
100,15.75,1.05,15.62,27.72
100,15.88,1.06,16.32,31.68
100,15.33,1.06,15.47,32.76
100,15.21,1.02,15.35,33.48
100,15.73,1.05,15.61,27.72
100,14.37,1.08,13.44,27.72
100,15.33,1.06,15.47,32.76
100,15.9,1.06,16.44,34.92
100,15.21,1.02,15.35,33.48
100,15.72,1.05,15.49,27.72
100,14.39,1.08,13.48,27.72
100,15.33,1.06,15.47,32.76
100,15.88,1.05,16.43,32.76
100,15.21,1.02,15.35,33.48
100,14.37,1.08,13.44,27.72
100,15.78,1.06,15.56,28.439999999999998
100,15.38,1.06,15.39,32.76
100,16.12,1.05,16.99,34.92
100,15.29,1.03,15.47,33.839999999999996
100,14.4,0.96,15.75,34.199999999999996
100,16.07,0.97,19.53,39.96
100,15.81,0.95,18.47,40.68
100,15.39,0.96,18.46,41.04
100,15.28,0.93,18.7,61.559999999999995
100,14.37,1.16,12.57,24.84
100,15.75,1.1,14.76,27.72
100,15.35,1.1,14.36,28.439999999999998
100,15.95,1.12,15.23,29.52
100,15.3,1.07,14.56,27.36
100,14.51,1.13,13.19,26.279999999999998
100,15.8,1.08,15.14,28.08
100,15.84,1.11,15.37,32.04
100,15.51,1.06,15.72,39.96
100,15.3,1.07,14.77,28.08
100,14.43,1.05,13.93,29.52
100,15.26,1.03,16.23,33.839999999999996
100,15.81,1.01,16.68,34.92
100,15.84,1.03,17.31,38.16
100,15.26,0.98,16.66,35.64
100,14.39,1.08,13.48,27.72
100,15.72,1.05,15.49,27.72
100,15.88,1.05,16.43,32.76
100,15.33,1.06,15.47,32.76
100,15.21,1.02,15.35,33.48
100,15.73,1.05,15.61,27.72
100,14.3,1.08,13.44,27.72
100,15.92,1.06,16.17,29.88
100,15.33,1.06,15.47,32.76
100,15.21,1.02,15.35,33.48
100,14.3,1.08,13.44,27.72
100,15.75,1.05,15.62,27.72
100,15.33,1.06,15.47,32.76
100,15.86,1.06,16.4,36.36
100,15.21,1.02,15.35,33.48
100,15.73,1.05,15.61,27.72
100,14.37,1.08,13.44,27.72
100,15.33,1.06,15.47,32.76
100,15.9,1.06,16.44,34.92
100,15.21,1.02,15.35,33.48
100,14.39,1.08,13.48,27.72
100,15.72,1.05,15.49,27.72
100,15.33,1.06,15.47,32.76
100,15.88,1.05,16.43,32.76
100,15.21,1.02,15.35,33.48
100,14.37,1.08,13.44,27.72
100,15.73,1.05,15.61,27.72
100,15.33,1.06,15.47,32.76
100,15.9,1.06,16.44,34.92
100,15.21,1.02,15.35,33.48
100,14.4,0.96,15.75,34.199999999999996
100,16.07,0.97,19.53,39.96
100,15.81,0.95,18.47,40.68
100,15.39,0.96,18.46,41.04
100,15.28,0.93,18.7,61.559999999999995
100,14.37,1.16,12.57,24.84
100,15.75,1.1,14.76,27.72
100,15.35,1.1,14.36,28.439999999999998
100,15.95,1.12,15.23,29.52
100,15.3,1.07,14.56,27.36
100,14.51,1.13,13.19,26.279999999999998
100,15.8,1.08,15.14,28.08
100,15.84,1.11,15.37,32.04
100,15.51,1.06,15.72,39.96
100,15.3,1.07,14.77,28.08
100,14.43,1.05,13.93,29.52
100,15.26,1.03,16.23,33.839999999999996
100,15.81,1.01,16.68,34.92
100,15.84,1.03,17.31,38.16
100,15.26,0.98,16.66,35.64
100,15.72,1.05,15.49,27.72
100,14.39,1.08,13.48,27.72
100,15.33,1.06,15.47,32.76
100,15.88,1.05,16.43,32.76
100,15.21,1.02,15.35,33.48
100,14.3,1.08,13.44,27.72
100,15.73,1.05,15.61,27.72
100,15.92,1.06,16.17,29.88
100,15.33,1.06,15.47,32.76
100,15.21,1.02,15.35,33.48
100,15.73,1.05,15.61,27.72
100,14.3,1.08,13.44,27.72
100,15.92,1.06,16.25,30.959999999999997
100,15.33,1.06,15.47,32.76
100,15.21,1.02,15.35,33.48
100,14.37,1.08,13.44,27.72
100,15.73,1.05,15.61,27.72
100,15.33,1.06,15.47,32.76
100,15.9,1.06,16.44,34.92
100,15.21,1.02,15.35,33.48
100,14.39,1.08,13.48,27.72
100,15.72,1.05,15.49,27.72
100,15.33,1.06,15.47,32.76
100,15.88,1.05,16.43,32.76
100,15.21,1.02,15.35,33.48
100,14.37,1.08,13.44,27.72
100,15.73,1.05,15.61,27.72
100,15.33,1.06,15.47,32.76
100,15.9,1.06,16.44,34.92
100,15.21,1.02,15.35,33.48
100,14.37,0.96,15.73,34.199999999999996
100,15.81,0.95,18.47,40.68
100,15.43,0.96,18.48,41.04
100,16.17,0.97,20.17,41.04
100,15.28,0.93,18.7,61.559999999999995
100,14.4,1.15,12.62,24.48
100,16.06,1.11,15.39,28.439999999999998
100,15.35,1.1,14.36,28.439999999999998
100,15.83,1.1,14.8,28.799999999999997
100,15.3,1.07,14.56,27.36
100,14.54,1.13,13.2,26.279999999999998
100,15.8,1.08,15.14,28.08
100,15.82,1.1,15.52,32.4
100,15.52,1.06,15.73,39.96
100,15.31,1.07,14.76,28.08
100,14.43,1.05,13.93,29.52
100,15.26,1.03,16.23,33.839999999999996
100,15.81,1.01,16.68,34.92
100,15.85,1.04,17.09,38.519999999999996
100,15.26,0.98,16.66,35.64
100,14.3,1.08,13.44,27.72
100,15.73,1.05,15.61,27.72
100,15.92,1.06,16.25,30.959999999999997
100,15.33,1.06,15.47,32.76
100,15.21,1.02,15.35,33.48
100,14.39,1.08,13.48,27.72
100,15.72,1.05,15.49,27.72
100,15.33,1.06,15.47,32.76
100,15.88,1.05,16.43,32.76
100,15.21,1.02,15.35,33.48
100,14.3,1.08,13.44,27.72
100,15.73,1.05,15.61,27.72
100,15.92,1.06,16.17,29.88
100,15.33,1.06,15.47,32.76
100,15.21,1.02,15.35,33.48
100,15.73,1.05,15.61,27.72
100,14.37,1.08,13.44,27.72
100,15.33,1.06,15.47,32.76
100,15.9,1.06,16.44,34.92
100,15.21,1.02,15.35,33.48
100,15.72,1.05,15.49,27.72
100,14.39,1.08,13.48,27.72
100,15.33,1.06,15.47,32.76
100,15.88,1.05,16.43,32.76
100,15.21,1.02,15.35,33.48
100,14.37,1.08,13.44,27.72
100,15.81,1.05,15.74,28.439999999999998
100,15.33,1.06,15.47,32.76
100,15.9,1.06,16.44,34.92
100,15.21,1.02,15.35,33.48
100,14.41,0.97,15.75,34.199999999999996
100,15.81,0.95,18.47,40.68
100,16.17,0.97,20.17,41.04
100,15.43,0.96,18.48,41.04
100,15.25,0.92,18.69,61.199999999999996
100,14.46,1.15,12.66,24.84
100,15.35,1.1,14.36,28.439999999999998
100,15.83,1.1,14.8,28.799999999999997
100,16.05,1.11,15.56,31.68
100,15.3,1.07,14.56,27.36
100,14.55,1.13,13.23,26.279999999999998
100,15.78,1.08,15.05,28.08
100,15.82,1.1,15.55,29.16
100,15.52,1.06,15.73,39.96
100,15.31,1.07,14.76,28.08
100,14.46,1.05,13.95,29.52
100,15.75,1.01,16.46,32.4
100,15.26,1.03,16.23,33.839999999999996
100,15.85,1.04,17.09,38.519999999999996
100,15.28,0.98,16.66,35.64
100,15.73,1.05,15.61,27.72
100,14.3,1.08,13.44,27.72
100,15.92,1.06,16.17,29.88
100,15.33,1.06,15.47,32.76
100,15.21,1.02,15.35,33.48
100,14.37,1.08,13.44,27.72
100,15.73,1.05,15.61,27.72
100,15.33,1.06,15.47,32.76
100,15.9,1.06,16.44,34.92
100,15.21,1.02,15.35,33.48
100,14.34,1.08,13.4,27.72
100,15.74,1.06,15.5,27.72
100,15.32,1.06,15.35,30.959999999999997
100,16.02,1.06,16.33,32.4
100,15.29,1.03,15.47,33.839999999999996
100,15.75,1.05,15.62,27.72
100,14.3,1.08,13.44,27.72
100,15.33,1.06,15.47,32.76
100,15.89,1.05,16.72,34.92
100,15.21,1.02,15.35,33.48
100,14.34,1.08,13.4,27.72
100,15.74,1.06,15.5,27.72
100,15.32,1.06,15.35,30.959999999999997
100,16.0,1.06,16.3,32.76
100,15.29,1.03,15.47,33.839999999999996
100,14.4,0.96,15.75,34.199999999999996
100,16.02,0.97,19.58,39.24
100,15.81,0.95,18.47,40.68
100,15.39,0.96,18.46,41.04
100,15.28,0.93,18.7,61.559999999999995
100,14.37,1.16,12.57,24.84
100,15.75,1.1,14.76,27.72
100,15.35,1.1,14.36,28.439999999999998
100,16.13,1.11,15.54,32.4
100,15.3,1.07,14.56,27.36
100,14.51,1.13,13.19,26.279999999999998
100,15.8,1.08,15.14,28.08
100,15.82,1.1,15.52,32.4
100,15.51,1.06,15.72,39.96
100,15.3,1.07,14.77,28.08
100,14.43,1.05,13.93,29.52
100,15.26,1.03,16.23,33.839999999999996
100,15.81,1.01,16.68,34.92
100,15.84,1.03,17.31,38.16
100,15.26,0.98,16.66,35.64
100,14.3,1.08,13.44,27.72
100,15.73,1.05,15.61,27.72
100,15.92,1.06,16.25,30.959999999999997
100,15.33,1.06,15.47,32.76
100,15.21,1.02,15.35,33.48
100,14.3,1.08,13.44,27.72
100,15.73,1.05,15.61,27.72
100,15.92,1.06,16.17,29.88
100,15.33,1.06,15.47,32.76
100,15.21,1.02,15.35,33.48
100,14.3,1.08,13.44,27.72
100,15.75,1.05,15.62,27.72
100,15.33,1.06,15.47,32.76
100,15.86,1.06,16.4,36.36
100,15.21,1.02,15.35,33.48
100,15.72,1.05,15.49,27.72
100,14.39,1.08,13.48,27.72
100,15.88,1.05,16.43,32.76
100,15.33,1.06,15.47,32.76
100,15.21,1.02,15.35,33.48
100,14.65,1.07,13.73,27.72
100,15.94,1.04,15.84,29.52
100,16.02,1.08,15.72,30.599999999999998
100,15.46,1.08,15.18,33.48
100,15.54,1.03,15.61,33.48
100,14.4,0.96,15.75,34.199999999999996
100,16.07,0.97,19.53,39.96
100,15.81,0.95,18.47,40.68
100,15.39,0.96,18.46,41.04
100,15.28,0.93,18.7,61.559999999999995
100,14.37,1.16,12.57,24.84
100,15.75,1.1,14.76,27.72
100,15.35,1.1,14.36,28.439999999999998
100,15.95,1.12,15.23,29.52
100,15.3,1.07,14.56,27.36
100,14.49,1.14,13.15,26.279999999999998
100,15.8,1.08,15.14,28.08
100,15.84,1.11,15.37,32.04
100,15.51,1.06,15.72,39.96
100,15.3,1.07,14.77,28.08
100,14.43,1.05,13.93,29.52
100,15.26,1.03,16.23,33.839999999999996
100,15.81,1.01,16.68,34.92
100,15.84,1.03,17.31,38.16
100,15.26,0.98,16.66,35.64
100,14.3,1.08,13.44,27.72
100,15.75,1.05,15.62,27.72
100,15.84,1.06,16.13,30.24
100,15.33,1.06,15.47,32.76
100,15.21,1.02,15.35,33.48
100,14.3,1.08,13.44,27.72
100,15.73,1.05,15.61,27.72
100,15.92,1.06,16.17,29.88
100,15.33,1.06,15.47,32.76
100,15.21,1.02,15.35,33.48
100,15.75,1.05,15.62,27.72
100,14.3,1.08,13.44,27.72
100,15.33,1.06,15.47,32.76
100,15.87,1.05,16.51,33.839999999999996
100,15.21,1.02,15.35,33.48
100,14.39,1.08,13.48,27.72
100,15.72,1.05,15.49,27.72
100,15.92,1.06,16.37,30.959999999999997
100,15.33,1.06,15.47,32.76
100,15.21,1.02,15.35,33.48
100,14.65,1.07,13.73,27.72
100,16.04,1.04,15.96,29.88
100,15.46,1.08,15.18,33.48
100,16.07,1.08,15.9,33.48
100,15.54,1.04,15.51,33.839999999999996
100,14.4,0.96,15.75,34.199999999999996
100,15.81,0.95,18.47,40.68
100,15.43,0.96,18.48,41.04
100,16.06,0.96,20.45,43.199999999999996
100,15.28,0.93,18.7,61.559999999999995
100,14.39,1.15,12.6,24.48
100,15.75,1.1,14.76,27.72
100,15.35,1.1,14.36,28.439999999999998
100,15.95,1.12,15.23,29.52
100,15.3,1.07,14.56,27.36
100,14.53,1.14,13.16,26.279999999999998
100,15.8,1.08,15.14,28.08
100,15.85,1.11,15.53,33.48
100,15.52,1.06,15.73,39.96
100,15.31,1.07,14.76,28.08
100,14.43,1.05,13.93,29.52
100,15.26,1.03,16.23,33.839999999999996
100,15.81,1.01,16.68,34.92
100,15.84,1.03,17.31,38.16
100,15.26,0.98,16.66,35.64
100,14.3,1.08,13.44,27.72
100,15.73,1.05,15.61,27.72
100,15.92,1.06,16.17,29.88
100,15.33,1.06,15.47,32.76
100,15.21,1.02,15.35,33.48
100,14.39,1.08,13.48,27.72
100,15.72,1.05,15.49,27.72
100,15.33,1.06,15.47,32.76
100,15.88,1.05,16.43,32.76
100,15.21,1.02,15.35,33.48
100,14.3,1.08,13.44,27.72
100,15.73,1.05,15.61,27.72
100,15.92,1.06,16.17,29.88
100,15.33,1.06,15.47,32.76
100,15.21,1.02,15.35,33.48
100,15.75,1.05,15.62,27.72
100,14.3,1.08,13.44,27.72
100,15.33,1.06,15.47,32.76
100,15.87,1.05,16.51,33.839999999999996
100,15.21,1.02,15.35,33.48
100,14.3,1.08,13.44,27.72
100,15.73,1.05,15.61,27.72
100,15.92,1.06,16.17,29.88
100,15.33,1.06,15.47,32.76
100,15.21,1.02,15.35,33.48
100,15.72,1.05,15.49,27.72
100,14.39,1.08,13.48,27.72
100,15.92,1.06,16.37,30.959999999999997
100,15.33,1.06,15.47,32.76
100,15.21,1.02,15.35,33.48
100,14.65,1.07,13.73,27.72
100,15.93,1.05,15.78,29.52
100,16.02,1.08,15.72,30.599999999999998
100,15.64,1.09,15.38,38.519999999999996
100,15.58,1.03,15.61,35.28
100,14.4,0.96,15.75,34.199999999999996
100,16.07,0.97,19.53,39.96
100,15.81,0.95,18.47,40.68
100,15.39,0.96,18.46,41.04
100,15.28,0.93,18.7,61.559999999999995
100,14.37,1.16,12.57,24.84
100,15.75,1.1,14.76,27.72
100,15.35,1.1,14.36,28.439999999999998
100,15.95,1.12,15.23,29.52
100,15.3,1.07,14.56,27.36
100,14.49,1.14,13.15,26.279999999999998
100,15.8,1.08,15.14,28.08
100,15.84,1.11,15.37,32.04
100,15.51,1.06,15.72,39.96
100,15.3,1.07,14.77,28.08
100,14.43,1.05,13.93,29.52
100,15.26,1.03,16.23,33.839999999999996
100,15.81,1.01,16.68,34.92
100,15.84,1.03,17.31,38.16
100,15.26,0.98,16.66,35.64
100,15.73,1.05,15.61,27.72
100,14.3,1.08,13.44,27.72
100,15.85,1.06,16.15,29.52
100,15.33,1.06,15.47,32.76
100,15.21,1.02,15.35,33.48
100,14.3,1.08,13.44,27.72
100,15.73,1.05,15.61,27.72
100,15.92,1.06,16.17,29.88
100,15.33,1.06,15.47,32.76
100,15.21,1.02,15.35,33.48
100,15.75,1.05,15.62,27.72
100,14.3,1.08,13.44,27.72
100,15.33,1.06,15.47,32.76
100,15.87,1.05,16.51,33.839999999999996
100,15.21,1.02,15.35,33.48
100,15.72,1.05,15.49,27.72
100,14.39,1.08,13.48,27.72
100,15.92,1.06,16.37,30.959999999999997
100,15.33,1.06,15.47,32.76
100,15.21,1.02,15.35,33.48
100,14.55,1.08,13.65,27.72
100,15.86,1.05,15.55,28.08
100,16.05,1.08,15.84,31.32
100,15.68,1.06,15.59,38.519999999999996
100,15.58,1.04,15.42,32.4
100,14.41,0.97,15.75,34.199999999999996
100,15.81,0.95,18.47,40.68
100,15.43,0.96,18.48,41.04
100,16.14,0.96,20.5,44.64
100,15.25,0.92,18.69,61.199999999999996
100,14.46,1.15,12.66,24.84
100,15.88,1.12,15.09,28.08
100,15.35,1.1,14.36,28.439999999999998
100,15.83,1.1,14.8,28.799999999999997
100,15.3,1.07,14.56,27.36
100,14.53,1.13,13.21,26.279999999999998
100,15.8,1.08,15.14,28.08
100,15.82,1.11,15.38,31.68
100,15.52,1.06,15.73,39.96
100,15.31,1.07,14.76,28.08
100,14.43,1.05,13.93,29.52
100,15.75,1.01,16.46,32.4
100,15.26,1.03,16.23,33.839999999999996
100,15.88,1.03,17.42,36.72
100,15.28,0.98,16.66,35.64
100,14.3,1.08,13.44,27.72
100,15.73,1.05,15.61,27.72
100,15.92,1.06,16.17,29.88
100,15.33,1.06,15.47,32.76
100,15.21,1.02,15.35,33.48
100,14.39,1.08,13.48,27.72
100,15.72,1.05,15.49,27.72
100,15.33,1.06,15.47,32.76
100,15.88,1.05,16.43,32.76
100,15.21,1.02,15.35,33.48
100,15.73,1.05,15.61,27.72
100,14.3,1.08,13.44,27.72
100,15.92,1.06,16.17,29.88
100,15.33,1.06,15.47,32.76
100,15.21,1.02,15.35,33.48
100,15.73,1.05,15.61,27.72
100,14.3,1.08,13.44,27.72
100,15.85,1.06,16.15,29.52
100,15.33,1.06,15.47,32.76
100,15.21,1.02,15.35,33.48
100,15.73,1.05,15.61,27.72
100,14.3,1.08,13.44,27.72
100,15.92,1.06,16.17,29.88
100,15.33,1.06,15.47,32.76
100,15.21,1.02,15.35,33.48
100,14.3,1.08,13.44,27.72
100,15.75,1.05,15.62,27.72
100,15.83,1.06,16.2,32.4
100,15.33,1.06,15.47,32.76
100,15.21,1.02,15.35,33.48
100,14.57,1.08,13.65,26.64
100,15.86,1.05,15.55,28.08
100,15.65,1.06,15.42,30.959999999999997
100,16.05,1.08,15.84,31.32
100,15.58,1.04,15.42,32.4
100,14.4,0.96,15.75,34.199999999999996
100,16.07,0.97,19.53,39.96
100,15.81,0.95,18.47,40.68
100,15.39,0.96,18.46,41.04
100,15.28,0.93,18.7,61.559999999999995
100,14.37,1.16,12.57,24.84
100,15.75,1.1,14.76,27.72
100,15.35,1.1,14.36,28.439999999999998
100,15.94,1.11,15.24,28.439999999999998
100,15.3,1.07,14.56,27.36
100,14.49,1.14,13.15,26.279999999999998
100,15.8,1.08,15.14,28.08
100,15.81,1.11,15.34,28.799999999999997
100,15.51,1.06,15.72,39.96
100,15.3,1.07,14.77,28.08
100,14.43,1.05,13.93,29.52
100,15.88,1.04,17.0,33.12
100,15.26,1.03,16.23,33.839999999999996
100,15.81,1.01,16.68,34.92
100,15.27,0.97,16.79,38.519999999999996
100,14.3,1.08,13.44,27.72
100,15.74,1.05,15.62,29.88
100,15.93,1.06,16.17,30.24
100,15.33,1.06,15.47,32.76
100,15.21,1.02,15.35,33.48
100,15.72,1.05,15.49,27.72
100,14.39,1.08,13.48,27.72
100,15.92,1.06,16.37,30.959999999999997
100,15.33,1.06,15.47,32.76
100,15.21,1.02,15.35,33.48
100,14.3,1.08,13.44,27.72
100,15.73,1.05,15.61,27.72
100,15.92,1.06,16.17,29.88
100,15.33,1.06,15.47,32.76
100,15.21,1.02,15.35,33.48
100,14.3,1.08,13.44,27.72
100,15.75,1.05,15.62,27.72
100,15.83,1.06,16.2,32.4
100,15.33,1.06,15.47,32.76
100,15.21,1.02,15.35,33.48
100,14.3,1.08,13.44,27.72
100,15.75,1.05,15.62,27.72
100,15.81,1.06,16.3,30.599999999999998
100,15.33,1.06,15.47,32.76
100,15.21,1.02,15.35,33.48
100,15.72,1.05,15.49,27.72
100,14.39,1.08,13.48,27.72
100,15.92,1.06,16.37,30.959999999999997
100,15.33,1.06,15.47,32.76
100,15.21,1.02,15.35,33.48
100,14.56,1.07,13.76,27.72
100,15.86,1.05,15.57,29.52
100,16.08,1.07,15.91,31.32
100,15.68,1.06,15.59,38.519999999999996
100,15.6,1.05,15.3,28.439999999999998
100,14.4,0.96,15.75,34.199999999999996
100,16.07,0.97,19.53,39.96
100,15.81,0.95,18.47,40.68
100,15.39,0.96,18.46,41.04
100,15.28,0.93,18.7,61.559999999999995
100,14.37,1.16,12.57,24.84
100,15.75,1.1,14.76,27.72
100,15.35,1.1,14.36,28.439999999999998
100,15.97,1.12,15.27,30.599999999999998
100,15.3,1.07,14.56,27.36
100,14.49,1.14,13.15,26.279999999999998
100,15.8,1.08,15.14,28.08
100,15.81,1.11,15.34,28.799999999999997
100,15.51,1.06,15.72,39.96
100,15.3,1.07,14.77,28.08
100,14.43,1.05,13.93,29.52
100,15.88,1.04,17.0,33.12
100,15.26,1.03,16.23,33.839999999999996
100,15.81,1.01,16.68,34.92
100,15.26,0.98,16.66,35.64
100,14.3,1.08,13.44,27.72
100,15.74,1.05,15.62,29.88
100,15.93,1.06,16.17,30.24
100,15.33,1.06,15.47,32.76
100,15.21,1.02,15.35,33.48
100,14.39,1.08,13.48,27.72
100,15.72,1.05,15.49,27.72
100,15.92,1.06,16.37,30.959999999999997
100,15.33,1.06,15.47,32.76
100,15.21,1.02,15.35,33.48
