1,0,1
2,0,2
3,1,2
4,2,2
5,2,3
6,2,4
7,2,5
8,2,6
9,3,6
10,4,6
11,4,7
12,5,7
13,5,8
14,5,9
15,5,10
16,6,10
17,6,11
18,6,12
19,7,12
20,7,13
21,7,14
22,7,15
23,7,16
24,8,16
25,9,16
26,9,17
27,9,18
28,9,19
29,9,20
30,9,21
31,9,22
32,10,22
33,11,22
34,12,22
35,13,22
36,13,23
37,13,24
38,14,24
39,14,25
40,14,26
41,15,26
42,16,26
43,16,27
44,17,27
45,18,27
46,18,28
47,18,29
48,19,29
49,19,30
50,20,30
51,21,30
52,21,31
53,22,31
54,22,32
55,22,33
56,22,34
57,23,34
58,23,35
59,23,36
60,24,36
61,25,36
62,26,36
63,27,36
64,27,37
65,28,37
66,28,38
67,29,38
68,30,38
69,31,38
70,31,39
71,31,40
72,32,40
73,32,41
74,33,41
75,33,42
76,33,43
77,33,44
78,34,44
79,35,44
80,36,44
81,37,44
82,37,45
83,37,46
84,37,47
85,38,47
86,38,48
87,38,49
88,39,49
89,39,50
90,40,50
91,41,50
92,42,50
93,42,51
94,42,52
95,43,52
96,43,53
97,43,54
98,44,54
99,45,54
100,45,55
101,45,56
102,45,57
103,45,58
104,45,59
105,45,60
106,46,60
107,46,61
108,46,62
109,47,62
110,48,62
111,48,63
112,48,64
113,49,64
114,49,65
115,50,65
116,51,65
117,52,65
118,53,65
119,53,66
120,54,66
121,55,66
122,55,67
123,55,68
124,55,69
125,55,70
126,56,70
127,56,71
128,56,72
129,57,72
130,57,73
131,58,73
132,59,73
133,60,73
134,60,74
135,60,75
136,60,76
137,61,76
138,62,76
139,62,77
140,63,77
141,64,77
142,64,78
143,65,78
144,66,78
145,66,79
146,66,80
147,67,80
148,68,80
149,68,81
150,68,82
151,68,83
152,69,83
153,69,84
154,69,85
155,70,85
156,70,86
157,71,86
158,71,87
159,71,88
160,71,89
161,72,89
162,72,90
163,73,90
164,73,91
165,73,92
166,73,93
167,74,93
168,74,94
169,75,94
170,75,95
171,75,96
172,76,96
173,76,97
174,76,98
175,76,99
176,77,99
177,78,99
178,78,100
179,78,101
180,78,102
181,79,102
182,80,102
183,81,102
184,81,103
185,82,103
186,83,103
187,83,104
188,84,104
189,84,105
190,84,106
191,84,107
192,85,107
193,85,108
194,86,108
195,86,109
196,87,109
197,87,110
198,88,110
199,89,110
200,90,110
201,90,111
202,91,111
203,91,112
204,92,112
205,92,113
206,93,113
207,94,113
208,94,114
209,95,114
210,95,115
211,95,116
212,96,116
213,97,116
214,98,116
215,98,117
216,99,117
217,99,118
218,99,119
219,99,120
220,99,121
221,99,122
222,99,123
223,100,123
224,101,123
225,102,123
226,102,124
227,102,125
228,103,125
229,104,125
230,105,125
231,106,125
232,106,126
233,107,126
234,107,127
235,108,127
236,108,128
237,109,128
238,110,128
239,110,129
240,110,130
241,110,131
242,110,132
243,110,133
244,110,134
245,110,135
246,110,136
247,111,136
248,111,137
249,112,137
250,112,138
251,112,139
252,112,140
253,112,141
254,113,141
255,113,142
256,113,143
257,114,143
258,115,143
259,116,143
260,117,143
261,118,143
262,118,144
263,119,144
264,120,144
265,121,144
266,122,144
267,122,145
268,122,146
269,122,147
270,123,147
271,124,147
272,125,147
273,125,148
274,125,149
275,126,149
276,126,150
277,127,150
278,128,150
279,129,150
280,129,151
281,129,152
282,130,152
283,130,153
284,131,153
285,131,154
286,131,155
287,131,156
288,131,157
289,131,158
290,131,159
291,132,159
292,132,160
293,132,161
294,132,162
295,132,163
296,133,163
297,134,163
298,135,163
299,135,164
300,136,164
301,137,164
302,138,164
303,138,165
304,139,165
305,139,166
306,140,166
307,140,167
308,141,167
309,142,167
310,143,167
311,143,168
312,143,169
313,144,169
314,144,170
315,144,171
316,144,172
317,145,172
318,146,172
319,147,172
320,147,173
321,147,174
322,147,175
323,147,176
324,148,176
325,149,176
326,150,176
327,151,176
328,151,177
329,152,177
330,153,177
331,153,178
332,153,179
333,153,180
334,154,180
335,155,180
336,155,181
337,155,182
338,156,182
339,156,183
340,156,184
341,156,185
342,156,186
343,156,187
344,157,187
345,158,187
346,159,187
347,160,187
348,160,188
349,160,189
350,161,189
351,162,189
352,162,190
353,163,190
354,163,191
355,164,191
356,164,192
357,164,193
358,164,194
359,164,195
360,164,196
361,165,196
362,166,196
363,167,196
364,168,196
365,168,197
366,168,198
367,169,198
368,169,199
369,169,200
370,170,200
371,171,200
372,172,200
373,173,200
374,174,200
375,174,201
376,174,202
377,174,203
378,174,204
379,175,204
380,175,205
381,175,206
382,176,206
383,177,206
384,178,206
385,178,207
386,179,207
387,179,208
388,179,209
389,179,210
390,180,210
391,180,211
392,181,211
393,181,212
394,181,213
395,181,214
396,182,214
397,182,215
398,182,216
399,182,217
400,182,218
401,182,219
402,183,219
403,184,219
404,185,219
405,186,219
406,187,219
407,187,220
408,187,221
409,187,222
410,187,223
411,188,223
412,188,224
413,189,224
414,190,224
415,191,224
416,192,224
417,192,225
418,192,226
419,193,226
420,194,226
421,195,226
422,195,227
423,195,228
424,195,229
425,195,230
426,195,231
427,196,231
428,196,232
429,196,233
430,197,233
431,197,234
432,198,234
433,199,234
434,199,235
435,199,236
436,199,237
437,199,238
438,200,238
439,201,238
440,202,238
441,203,238
442,204,238
443,204,239
444,204,240
445,205,240
446,205,241
447,206,241
448,207,241
449,208,241
450,208,242
451,209,242
452,210,242
453,211,242
454,211,243
455,211,244
456,212,244
457,213,244
458,213,245
459,213,246
460,213,247
461,213,248
462,214,248
463,214,249
464,215,249
465,215,250
466,216,250
467,217,250
468,217,251
469,217,252
470,217,253
471,218,253
472,218,254
473,218,255
474,219,255
475,219,256
476,219,257
477,219,258
478,219,259
479,220,259
480,221,259
481,221,260
482,221,261
483,221,262
484,221,263
485,222,263
486,223,263
487,224,263
488,225,263
489,226,263
490,227,263
491,228,263
492,229,263
493,229,264
494,230,264
495,231,264
496,232,264
497,233,264
498,234,264
499,234,265
500,234,266
