1,1,0
2,1,1
3,2,1
4,3,1
5,4,1
6,4,2
7,4,3
8,4,4
9,5,4
10,6,4
11,6,5
12,6,6
13,7,6
14,8,6
15,9,6
16,10,6
17,10,7
18,10,8
19,11,8
20,12,8
21,13,8
22,14,8
23,15,8
24,15,9
25,15,10
26,16,10
27,17,10
28,17,11
29,18,11
30,19,11
31,20,11
32,20,12
33,20,13
34,21,13
35,21,14
36,21,15
37,21,16
38,22,16
39,23,16
40,24,16
41,24,17
42,25,17
43,26,17
44,27,17
45,27,18
46,28,18
47,29,18
48,29,19
49,29,20
50,30,20
51,30,21
52,31,21
53,32,21
54,32,22
55,32,23
56,32,24
57,33,24
58,34,24
59,35,24
60,35,25
61,35,26
62,36,26
63,37,26
64,38,26
65,38,27
66,39,27
67,40,27
68,41,27
69,42,27
70,43,27
71,44,27
72,44,28
73,45,28
74,45,29
75,46,29
76,47,29
77,48,29
78,49,29
79,50,29
80,51,29
81,51,30
82,52,30
83,52,31
84,53,31
85,54,31
86,55,31
87,56,31
88,57,31
89,58,31
90,59,31
91,60,31
92,61,31
93,61,32
94,61,33
95,61,34
96,61,35
97,62,35
98,63,35
99,64,35
100,65,35
101,66,35
102,67,35
103,68,35
104,69,35
105,69,36
106,69,37
107,69,38
108,70,38
109,71,38
110,72,38
111,72,39
112,73,39
113,74,39
114,75,39
115,76,39
116,76,40
117,77,40
118,78,40
119,79,40
120,80,40
121,81,40
122,82,40
123,83,40
124,83,41
125,83,42
126,84,42
127,85,42
128,86,42
129,87,42
130,87,43
131,88,43
132,88,44
133,88,45
134,88,46
135,89,46
136,90,46
137,90,47
138,90,48
139,90,49
140,90,50
141,90,51
142,91,51
143,92,51
144,92,52
145,93,52
146,94,52
147,95,52
148,96,52
149,97,52
150,98,52
151,98,53
152,99,53
153,99,54
154,99,55
155,99,56
156,100,56
157,101,56
158,102,56
159,103,56
160,103,57
161,103,58
162,103,59
163,103,60
164,104,60
165,104,61
166,105,61
167,105,62
168,105,63
169,106,63
170,107,63
171,108,63
172,108,64
173,108,65
174,109,65
175,110,65
176,111,65
177,112,65
178,113,65
179,114,65
180,115,65
181,115,66
182,115,67
183,116,67
184,116,68
185,116,69
186,117,69
187,118,69
188,119,69
189,119,70
190,120,70
191,121,70
192,122,70
193,123,70
194,124,70
195,125,70
196,126,70
197,127,70
198,128,70
199,129,70
200,129,71
201,129,72
202,129,73
203,129,74
204,129,75
205,129,76
206,130,76
207,131,76
208,131,77
209,132,77
210,133,77
211,133,78
212,134,78
213,134,79
214,134,80
215,135,80
216,135,81
217,136,81
218,136,82
219,137,82
220,138,82
221,139,82
222,139,83
223,140,83
224,141,83
225,142,83
226,142,84
227,142,85
228,143,85
229,144,85
230,145,85
231,146,85
232,146,86
233,147,86
234,148,86
235,149,86
236,150,86
237,150,87
238,151,87
239,151,88
240,152,88
241,152,89
242,152,90
243,153,90
244,154,90
245,155,90
246,156,90
247,157,90
248,158,90
249,158,91
250,158,92
251,159,92
252,159,93
253,160,93
254,161,93
255,162,93
256,162,94
257,163,94
258,163,95
259,164,95
260,165,95
261,166,95
262,166,96
263,167,96
264,167,97
265,168,97
266,169,97
267,169,98
268,169,99
269,170,99
270,171,99
271,171,100
272,172,100
273,173,100
274,174,100
275,175,100
276,175,101
277,175,102
278,175,103
279,176,103
280,176,104
281,177,104
282,177,105
283,178,105
284,178,106
285,178,107
286,178,108
287,179,108
288,180,108
289,181,108
290,181,109
291,182,109
292,183,109
293,184,109
294,185,109
295,185,110
296,186,110
297,186,111
298,187,111
299,187,112
300,188,112
301,188,113
302,188,114
303,188,115
304,189,115
305,189,116
306,190,116
307,191,116
308,192,116
309,192,117
310,193,117
311,194,117
312,194,118
313,195,118
314,196,118
315,196,119
316,197,119
317,198,119
318,199,119
319,200,119
320,200,120
321,200,121
322,201,121
323,202,121
324,203,121
325,204,121
326,205,121
327,206,121
328,206,122
329,207,122
330,208,122
331,209,122
332,210,122
333,211,122
334,212,122
335,212,123
336,213,123
337,214,123
338,214,124
339,215,124
340,216,124
341,217,124
342,218,124
343,219,124
344,220,124
345,220,125
346,221,125
347,221,126
348,222,126
349,222,127
350,222,128
351,222,129
352,223,129
353,224,129
354,225,129
355,225,130
356,225,131
357,225,132
358,225,133
359,226,133
360,226,134
361,226,135
362,226,136
363,226,137
364,227,137
365,227,138
366,228,138
367,228,139
368,228,140
369,228,141
370,229,141
371,230,141
372,231,141
373,232,141
374,233,141
375,234,141
376,235,141
377,236,141
378,237,141
379,238,141
380,239,141
381,240,141
382,241,141
383,242,141
384,242,142
385,243,142
386,244,142
387,244,143
388,245,143
389,245,144
390,246,144
391,247,144
392,248,144
393,249,144
394,250,144
395,251,144
396,252,144
397,253,144
398,254,144
399,254,145
400,254,146
401,255,146
402,256,146
403,257,146
404,258,146
405,258,147
406,259,147
407,259,148
408,259,149
409,260,149
410,260,150
411,261,150
412,261,151
413,261,152
414,262,152
415,263,152
416,264,152
417,265,152
418,266,152
419,267,152
420,267,153
421,267,154
422,268,154
423,269,154
424,269,155
425,270,155
426,270,156
427,271,156
428,272,156
429,272,157
430,273,157
431,274,157
432,275,157
433,275,158
434,276,158
435,277,158
436,278,158
437,279,158
438,279,159
439,279,160
440,279,161
441,280,161
442,281,161
443,281,162
444,281,163
445,281,164
446,282,164
447,283,164
448,284,164
449,285,164
450,285,165
451,286,165
452,286,166
453,286,167
454,287,167
455,288,167
456,289,167
457,290,167
458,291,167
459,291,168
460,292,168
461,292,169
462,293,169
463,293,170
464,294,170
465,294,171
466,294,172
467,295,172
468,295,173
469,296,173
470,297,173
471,298,173
472,298,174
473,299,174
474,299,175
475,300,175
476,301,175
477,302,175
478,303,175
479,303,176
480,304,176
481,305,176
482,305,177
483,305,178
484,305,179
485,305,180
486,305,181
487,306,181
488,307,181
489,308,181
490,308,182
491,309,182
492,309,183
493,310,183
494,310,184
495,311,184
496,311,185
497,311,186
498,312,186
499,313,186
500,314,186
