1,0,1
2,1,1
3,2,1
4,2,2
5,2,3
6,2,4
7,2,5
8,3,5
9,3,6
10,4,6
11,5,6
12,6,6
13,6,7
14,6,8
15,6,9
16,6,10
17,6,11
18,7,11
19,7,12
20,7,13
21,8,13
22,8,14
23,8,15
24,8,16
25,8,17
26,9,17
27,10,17
28,10,18
29,11,18
30,11,19
31,12,19
32,12,20
33,13,20
34,13,21
35,14,21
36,14,22
37,14,23
38,14,24
39,14,25
40,14,26
41,14,27
42,15,27
43,16,27
44,16,28
45,16,29
46,16,30
47,16,31
48,16,32
49,16,33
50,17,33
51,18,33
52,18,34
53,18,35
54,19,35
55,20,35
56,20,36
57,21,36
58,21,37
59,21,38
60,21,39
61,22,39
62,23,39
63,23,40
64,23,41
65,23,42
66,24,42
67,24,43
68,24,44
69,25,44
70,26,44
71,26,45
72,26,46
73,26,47
74,27,47
75,27,48
76,28,48
77,29,48
78,30,48
79,30,49
80,30,50
81,30,51
82,31,51
83,32,51
84,32,52
85,32,53
86,33,53
87,34,53
88,34,54
89,34,55
90,34,56
91,34,57
92,34,58
93,34,59
94,35,59
95,36,59
96,37,59
97,38,59
98,38,60
99,39,60
100,40,60
101,40,61
102,40,62
103,40,63
104,41,63
105,42,63
106,42,64
107,43,64
108,43,65
109,43,66
110,44,66
111,44,67
112,44,68
113,44,69
114,44,70
115,45,70
116,45,71
117,45,72
118,45,73
119,45,74
120,46,74
121,47,74
122,47,75
123,47,76
124,47,77
125,48,77
126,48,78
127,48,79
128,48,80
129,49,80
130,50,80
131,50,81
132,51,81
133,51,82
134,52,82
135,52,83
136,53,83
137,54,83
138,54,84
139,55,84
140,56,84
141,56,85
142,56,86
143,57,86
144,57,87
145,57,88
146,57,89
147,58,89
148,59,89
149,60,89
150,60,90
151,61,90
152,61,91
153,61,92
154,61,93
155,62,93
156,62,94
157,62,95
158,62,96
159,63,96
160,64,96
161,65,96
162,66,96
163,67,96
164,67,97
165,67,98
166,67,99
167,68,99
168,68,100
169,68,101
170,68,102
171,69,102
172,69,103
173,69,104
174,69,105
175,69,106
176,69,107
177,70,107
178,71,107
179,72,107
180,72,108
181,72,109
182,72,110
183,72,111
184,73,111
185,73,112
186,74,112
187,75,112
188,75,113
189,75,114
190,76,114
191,77,114
192,77,115
193,77,116
194,77,117
195,78,117
196,78,118
197,78,119
198,78,120
199,79,120
200,80,120
201,80,121
202,80,122
203,80,123
204,81,123
205,81,124
206,81,125
207,81,126
208,82,126
209,83,126
210,83,127
211,83,128
212,84,128
213,85,128
214,85,129
215,86,129
216,87,129
217,88,129
218,88,130
219,88,131
220,89,131
221,89,132
222,89,133
223,89,134
224,90,134
225,90,135
226,90,136
227,90,137
228,90,138
229,90,139
230,91,139
231,92,139
232,93,139
233,93,140
234,93,141
235,93,142
236,93,143
237,93,144
238,94,144
239,95,144
240,95,145
241,96,145
242,96,146
243,97,146
244,97,147
245,97,148
246,98,148
247,99,148
248,100,148
249,101,148
250,101,149
251,102,149
252,102,150
253,102,151
254,103,151
255,103,152
256,103,153
257,104,153
258,105,153
259,105,154
260,105,155
261,106,155
262,107,155
263,108,155
264,108,156
265,108,157
266,108,158
267,108,159
268,109,159
269,109,160
270,110,160
271,110,161
272,110,162
273,110,163
274,110,164
275,110,165
276,111,165
277,111,166
278,112,166
279,112,167
280,113,167
281,113,168
282,114,168
283,114,169
284,115,169
285,116,169
286,116,170
287,116,171
288,117,171
289,118,171
290,118,172
291,119,172
292,119,173
293,119,174
294,120,174
295,120,175
296,120,176
297,120,177
298,120,178
299,120,179
300,121,179
301,121,180
302,121,181
303,122,181
304,122,182
305,123,182
306,123,183
307,123,184
308,123,185
309,123,186
310,124,186
311,125,186
312,125,187
313,125,188
314,125,189
315,126,189
316,126,190
317,126,191
318,126,192
319,126,193
320,126,194
321,127,194
322,127,195
323,127,196
324,128,196
325,129,196
326,130,196
327,130,197
328,131,197
329,131,198
330,131,199
331,131,200
332,132,200
333,133,200
334,133,201
335,133,202
336,133,203
337,133,204
338,134,204
339,134,205
340,135,205
341,136,205
342,136,206
343,137,206
344,138,206
345,139,206
346,139,207
347,139,208
348,139,209
349,139,210
350,140,210
351,141,210
352,141,211
353,142,211
354,142,212
355,143,212
356,143,213
357,143,214
358,143,215
359,144,215
360,144,216
361,144,217
362,145,217
363,146,217
364,146,218
365,146,219
366,146,220
367,147,220
368,147,221
369,147,222
370,148,222
371,148,223
372,149,223
373,150,223
374,150,224
375,151,224
376,152,224
377,153,224
378,153,225
379,153,226
380,153,227
381,153,228
382,154,228
383,154,229
384,155,229
385,156,229
386,156,230
387,156,231
388,156,232
389,156,233
390,156,234
391,156,235
392,156,236
393,157,236
394,158,236
395,159,236
396,159,237
397,159,238
398,159,239
399,159,240
400,159,241
401,159,242
402,160,242
403,160,243
404,161,243
405,161,244
406,162,244
407,163,244
408,163,245
409,163,246
410,163,247
411,164,247
412,164,248
413,164,249
414,164,250
415,165,250
416,165,251
417,166,251
418,166,252
419,166,253
420,166,254
421,167,254
422,167,255
423,167,256
424,167,257
425,168,257
426,168,258
427,168,259
428,169,259
429,170,259
430,171,259
431,171,260
432,171,261
433,171,262
434,171,263
435,171,264
436,172,264
437,173,264
438,173,265
439,173,266
440,173,267
441,174,267
442,174,268
443,175,268
444,176,268
445,177,268
446,177,269
447,177,270
448,177,271
449,178,271
450,178,272
451,178,273
452,179,273
453,180,273
454,181,273
455,181,274
456,181,275
457,182,275
458,182,276
459,183,276
460,183,277
461,183,278
462,184,278
463,184,279
464,184,280
465,185,280
466,185,281
467,185,282
468,186,282
469,187,282
470,187,283
471,187,284
472,188,284
473,189,284
474,189,285
475,189,286
476,189,287
477,189,288
478,189,289
479,190,289
480,190,290
481,191,290
482,191,291
483,192,291
484,192,292
485,192,293
486,193,293
487,194,293
488,194,294
489,194,295
490,195,295
491,195,296
492,195,297
493,195,298
494,195,299
495,196,299
496,196,300
497,197,300
498,198,300
499,198,301
500,198,302
