1,0,1
2,0,2
3,0,3
4,0,4
5,0,5
6,0,6
7,0,7
8,0,8
9,0,9
10,0,10
11,0,11
12,0,12
13,0,13
14,0,14
15,0,15
16,1,15
17,1,16
18,1,17
19,1,18
20,1,19
21,1,20
22,1,21
23,2,21
24,2,22
25,2,23
26,3,23
27,3,24
28,3,25
29,3,26
30,3,27
31,3,28
32,4,28
33,4,29
34,4,30
35,4,31
36,5,31
37,5,32
38,5,33
39,6,33
40,7,33
41,7,34
42,7,35
43,8,35
44,8,36
45,9,36
46,9,37
47,9,38
48,10,38
49,11,38
50,11,39
51,12,39
52,12,40
53,12,41
54,12,42
55,12,43
56,12,44
57,12,45
58,13,45
59,13,46
60,14,46
61,14,47
62,15,47
63,15,48
64,15,49
65,15,50
66,15,51
67,16,51
68,16,52
69,17,52
70,17,53
71,17,54
72,18,54
73,19,54
74,20,54
75,20,55
76,20,56
77,20,57
78,21,57
79,22,57
80,22,58
81,23,58
82,24,58
83,24,59
84,25,59
85,25,60
86,26,60
87,27,60
88,27,61
89,27,62
90,27,63
91,27,64
92,27,65
93,27,66
94,28,66
95,28,67
96,29,67
97,30,67
98,30,68
99,31,68
100,31,69
101,31,70
102,31,71
103,32,71
104,32,72
105,32,73
106,33,73
107,33,74
108,33,75
109,34,75
110,35,75
111,35,76
112,36,76
113,36,77
114,37,77
115,38,77
116,38,78
117,38,79
118,39,79
119,40,79
120,40,80
121,40,81
122,41,81
123,42,81
124,42,82
125,42,83
126,43,83
127,43,84
128,44,84
129,44,85
130,45,85
131,46,85
132,47,85
133,47,86
134,47,87
135,47,88
136,48,88
137,49,88
138,49,89
139,49,90
140,49,91
141,50,91
142,50,92
143,50,93
144,51,93
145,52,93
146,53,93
147,53,94
148,54,94
149,54,95
150,54,96
151,55,96
152,55,97
153,56,97
154,56,98
155,57,98
156,57,99
157,57,100
158,58,100
159,59,100
160,59,101
161,59,102
162,60,102
163,60,103
164,61,103
165,61,104
166,61,105
167,61,106
168,61,107
169,62,107
170,62,108
171,62,109
172,63,109
173,64,109
174,64,110
175,64,111
176,64,112
177,65,112
178,65,113
179,66,113
180,67,113
181,67,114
182,67,115
183,68,115
184,69,115
185,69,116
186,70,116
187,70,117
188,71,117
189,72,117
190,72,118
191,72,119
192,72,120
193,72,121
194,73,121
195,73,122
196,74,122
197,74,123
198,75,123
199,76,123
200,76,124
201,77,124
202,78,124
203,78,125
204,79,125
205,80,125
206,81,125
207,81,126
208,81,127
209,81,128
210,81,129
211,82,129
212,82,130
213,83,130
214,83,131
215,84,131
216,85,131
217,85,132
218,86,132
219,87,132
220,88,132
221,88,133
222,88,134
223,88,135
224,88,136
225,89,136
226,89,137
227,90,137
228,91,137
229,91,138
230,92,138
231,92,139
232,93,139
233,93,140
234,93,141
235,93,142
236,94,142
237,95,142
238,95,143
239,96,143
240,96,144
241,96,145
242,97,145
243,97,146
244,98,146
245,98,147
246,98,148
247,99,148
248,100,148
249,100,149
250,101,149
251,101,150
252,101,151
253,102,151
254,102,152
255,103,152
256,103,153
257,104,153
258,104,154
259,104,155
260,104,156
261,105,156
262,106,156
263,106,157
264,106,158
265,107,158
266,108,158
267,108,159
268,108,160
269,108,161
270,109,161
271,109,162
272,110,162
273,111,162
274,111,163
275,111,164
276,112,164
277,113,164
278,113,165
279,114,165
280,114,166
281,114,167
282,114,168
283,114,169
284,115,169
285,116,169
286,117,169
287,118,169
288,119,169
289,119,170
290,119,171
291,119,172
292,119,173
293,120,173
294,120,174
295,120,175
296,120,176
297,120,177
298,120,178
299,121,178
300,121,179
301,122,179
302,122,180
303,122,181
304,123,181
305,124,181
306,124,182
307,125,182
308,125,183
309,125,184
310,125,185
311,126,185
312,127,185
313,127,186
314,128,186
315,129,186
316,129,187
317,129,188
318,130,188
319,131,188
320,131,189
321,131,190
322,132,190
323,132,191
324,133,191
325,133,192
326,133,193
327,133,194
328,133,195
329,133,196
330,134,196
331,135,196
332,136,196
333,136,197
334,137,197
335,138,197
336,139,197
337,140,197
338,140,198
339,141,198
340,141,199
341,141,200
342,142,200
343,143,200
344,144,200
345,144,201
346,144,202
347,144,203
348,145,203
349,145,204
350,146,204
351,146,205
352,147,205
353,147,206
354,147,207
355,147,208
356,148,208
357,148,209
358,149,209
359,150,209
360,150,210
361,150,211
362,150,212
363,151,212
364,151,213
365,152,213
366,152,214
367,152,215
368,152,216
369,153,216
370,153,217
371,154,217
372,154,218
373,155,218
374,155,219
375,156,219
376,157,219
377,157,220
378,158,220
379,159,220
380,160,220
381,161,220
382,161,221
383,161,222
384,161,223
385,162,223
386,162,224
387,163,224
388,163,225
389,163,226
390,164,226
391,165,226
392,165,227
393,166,227
394,167,227
395,168,227
396,168,228
397,168,229
398,168,230
399,168,231
400,168,232
401,169,232
402,170,232
403,170,233
404,171,233
405,172,233
406,173,233
407,173,234
408,173,235
409,174,235
410,174,236
411,174,237
412,175,237
413,175,238
414,176,238
415,176,239
416,177,239
417,178,239
418,178,240
419,178,241
420,179,241
421,180,241
422,180,242
423,181,242
424,181,243
425,182,243
426,182,244
427,182,245
428,183,245
429,184,245
430,184,246
431,185,246
432,186,246
433,187,246
434,187,247
435,187,248
436,188,248
437,189,248
438,189,249
439,189,250
440,189,251
441,189,252
442,189,253
443,190,253
444,191,253
445,191,254
446,192,254
447,193,254
448,193,255
449,193,256
450,194,256
451,195,256
452,195,257
453,195,258
454,196,258
455,196,259
456,197,259
457,198,259
458,199,259
459,199,260
460,200,260
461,200,261
462,201,261
463,201,262
464,201,263
465,201,264
466,202,264
467,202,265
468,203,265
469,204,265
470,204,266
471,205,266
472,206,266
473,207,266
474,207,267
475,208,267
476,208,268
477,209,268
478,209,269
479,210,269
480,210,270
481,211,270
482,211,271
483,211,272
484,211,273
485,211,274
486,212,274
487,213,274
488,214,274
489,214,275
490,215,275
491,215,276
492,216,276
493,216,277
494,217,277
495,218,277
496,218,278
497,218,279
498,219,279
499,219,280
500,220,280
