1,1,0
2,1,1
3,1,2
4,2,2
5,3,2
6,3,3
7,3,4
8,3,5
9,4,5
10,4,6
11,4,7
12,4,8
13,5,8
14,6,8
15,7,8
16,8,8
17,8,9
18,8,10
19,9,10
20,9,11
21,9,12
22,10,12
23,10,13
24,11,13
25,11,14
26,12,14
27,13,14
28,13,15
29,14,15
30,15,15
31,16,15
32,16,16
33,16,17
34,17,17
35,18,17
36,18,18
37,19,18
38,20,18
39,21,18
40,22,18
41,23,18
42,23,19
43,23,20
44,24,20
45,25,20
46,26,20
47,27,20
48,28,20
49,29,20
50,29,21
51,30,21
52,30,22
53,31,22
54,32,22
55,32,23
56,33,23
57,34,23
58,35,23
59,36,23
60,36,24
61,37,24
62,37,25
63,38,25
64,38,26
65,38,27
66,38,28
67,39,28
68,40,28
69,41,28
70,41,29
71,41,30
72,41,31
73,42,31
74,43,31
75,44,31
76,44,32
77,44,33
78,44,34
79,44,35
80,45,35
81,45,36
82,45,37
83,46,37
84,47,37
85,47,38
86,47,39
87,48,39
88,48,40
89,49,40
90,50,40
91,50,41
92,50,42
93,51,42
94,52,42
95,53,42
96,54,42
97,54,43
98,55,43
99,56,43
100,56,44
101,57,44
102,58,44
103,58,45
104,59,45
105,59,46
106,59,47
107,59,48
108,59,49
109,59,50
110,60,50
111,61,50
112,62,50
113,63,50
114,63,51
115,64,51
116,64,52
117,65,52
118,66,52
119,67,52
120,68,52
121,68,53
122,69,53
123,69,54
124,70,54
125,71,54
126,71,55
127,71,56
128,72,56
129,73,56
130,73,57
131,73,58
132,74,58
133,74,59
134,74,60
135,74,61
136,74,62
137,74,63
138,74,64
139,74,65
140,75,65
141,76,65
142,77,65
143,78,65
144,78,66
145,79,66
146,79,67
147,80,67
148,81,67
149,82,67
150,83,67
151,84,67
152,85,67
153,85,68
154,86,68
155,87,68
156,88,68
157,88,69
158,88,70
159,89,70
160,89,71
161,90,71
162,91,71
163,91,72
164,92,72
165,92,73
166,92,74
167,93,74
168,94,74
169,94,75
170,94,76
171,94,77
172,94,78
173,94,79
174,95,79
175,96,79
176,96,80
177,97,80
178,98,80
179,99,80
180,100,80
181,100,81
182,101,81
183,101,82
184,101,83
185,102,83
186,103,83
187,104,83
188,105,83
189,105,84
190,105,85
191,106,85
192,106,86
193,106,87
194,107,87
195,107,88
196,107,89
197,108,89
198,108,90
199,109,90
200,109,91
201,109,92
202,109,93
203,110,93
204,110,94
205,111,94
206,112,94
207,112,95
208,112,96
209,112,97
210,113,97
211,114,97
212,114,98
213,114,99
214,115,99
215,116,99
216,117,99
217,117,100
218,118,100
219,119,100
220,119,101
221,120,101
222,120,102
223,121,102
224,121,103
225,122,103
226,122,104
227,122,105
228,123,105
229,123,106
230,123,107
231,123,108
232,124,108
233,124,109
234,125,109
235,125,110
236,126,110
237,127,110
238,127,111
239,128,111
240,129,111
241,129,112
242,130,112
243,130,113
244,130,114
245,130,115
246,130,116
247,130,117
248,130,118
249,131,118
250,132,118
251,132,119
252,133,119
253,134,119
254,134,120
255,135,120
256,136,120
257,137,120
258,137,121
259,137,122
260,137,123
261,138,123
262,139,123
263,140,123
264,140,124
265,140,125
266,140,126
267,141,126
268,142,126
269,143,126
270,143,127
271,144,127
272,145,127
273,145,128
274,146,128
275,147,128
276,147,129
277,148,129
278,148,130
279,148,131
280,149,131
281,149,132
282,149,133
283,149,134
284,150,134
285,150,135
286,150,136
287,151,136
288,151,137
289,152,137
290,152,138
291,152,139
292,153,139
293,153,140
294,153,141
295,153,142
296,154,142
297,155,142
298,156,142
299,156,143
300,157,143
301,157,144
302,158,144
303,158,145
304,159,145
305,159,146
306,159,147
307,160,147
308,161,147
309,162,147
310,162,148
311,162,149
312,163,149
313,164,149
314,164,150
315,164,151
316,165,151
317,166,151
318,167,151
319,167,152
320,168,152
321,168,153
322,168,154
323,168,155
324,168,156
325,169,156
326,169,157
327,170,157
328,170,158
329,171,158
330,172,158
331,173,158
332,174,158
333,175,158
334,176,158
335,177,158
336,178,158
337,179,158
338,179,159
339,179,160
340,180,160
341,181,160
342,182,160
343,182,161
344,182,162
345,183,162
346,184,162
347,185,162
348,185,163
349,186,163
350,187,163
351,188,163
352,189,163
353,189,164
354,190,164
355,191,164
356,191,165
357,191,166
358,191,167
359,191,168
360,191,169
361,192,169
362,193,169
363,194,169
364,195,169
365,196,169
366,196,170
367,197,170
368,198,170
369,198,171
370,198,172
371,198,173
372,198,174
373,198,175
374,198,176
375,199,176
376,199,177
377,200,177
378,200,178
379,200,179
380,201,179
381,201,180
382,201,181
383,202,181
384,202,182
385,203,182
386,203,183
387,204,183
388,205,183
389,206,183
390,207,183
391,208,183
392,209,183
393,209,184
394,210,184
395,210,185
396,210,186
397,211,186
398,212,186
399,213,186
400,213,187
401,213,188
402,214,188
403,215,188
404,215,189
405,216,189
406,216,190
407,216,191
408,217,191
409,218,191
410,218,192
411,218,193
412,219,193
413,219,194
414,219,195
415,220,195
416,221,195
417,221,196
418,221,197
419,222,197
420,222,198
421,222,199
422,223,199
423,224,199
424,225,199
425,225,200
426,226,200
427,226,201
428,226,202
429,226,203
430,226,204
431,226,205
432,227,205
433,227,206
434,227,207
435,227,208
436,228,208
437,228,209
438,229,209
439,229,210
440,230,210
441,231,210
442,232,210
443,232,211
444,232,212
445,233,212
446,234,212
447,235,212
448,236,212
449,237,212
450,238,212
451,238,213
452,239,213
453,240,213
454,241,213
455,242,213
456,242,214
457,243,214
458,243,215
459,244,215
460,244,216
461,245,216
462,245,217
463,245,218
464,245,219
465,246,219
466,247,219
467,247,220
468,247,221
469,248,221
470,248,222
471,248,223
472,249,223
473,250,223
474,250,224
475,251,224
476,252,224
477,252,225
478,253,225
479,253,226
480,254,226
481,254,227
482,255,227
483,255,228
484,256,228
485,256,229
486,257,229
487,258,229
488,259,229
489,259,230
490,260,230
491,260,231
492,261,231
493,261,232
494,261,233
495,262,233
496,262,234
497,263,234
498,263,235
499,264,235
500,264,236
