1,0,1
2,1,1
3,1,2
4,1,3
5,1,4
6,1,5
7,1,6
8,1,7
9,2,7
10,2,8
11,3,8
12,4,8
13,4,9
14,4,10
15,4,11
16,4,12
17,4,13
18,5,13
19,5,14
20,6,14
21,6,15
22,6,16
23,6,17
24,6,18
25,6,19
26,6,20
27,7,20
28,7,21
29,8,21
30,9,21
31,10,21
32,11,21
33,11,22
34,12,22
35,13,22
36,13,23
37,14,23
38,14,24
39,14,25
40,15,25
41,16,25
42,16,26
43,16,27
44,16,28
45,16,29
46,16,30
47,16,31
48,16,32
49,17,32
50,18,32
51,18,33
52,18,34
53,19,34
54,20,34
55,20,35
56,20,36
57,20,37
58,20,38
59,20,39
60,20,40
61,21,40
62,21,41
63,22,41
64,22,42
65,23,42
66,23,43
67,23,44
68,23,45
69,23,46
70,23,47
71,23,48
72,23,49
73,23,50
74,24,50
75,25,50
76,26,50
77,26,51
78,26,52
79,26,53
80,26,54
81,26,55
82,27,55
83,27,56
84,28,56
85,29,56
86,29,57
87,29,58
88,30,58
89,30,59
90,30,60
91,30,61
92,30,62
93,30,63
94,31,63
95,32,63
96,32,64
97,33,64
98,33,65
99,33,66
100,34,66
101,34,67
102,34,68
103,34,69
104,35,69
105,35,70
106,35,71
107,36,71
108,36,72
109,36,73
110,36,74
111,37,74
112,37,75
113,37,76
114,37,77
115,37,78
116,37,79
117,37,80
118,38,80
119,38,81
120,39,81
121,40,81
122,41,81
123,41,82
124,42,82
125,43,82
126,44,82
127,44,83
128,45,83
129,46,83
130,46,84
131,47,84
132,47,85
133,48,85
134,48,86
135,48,87
136,49,87
137,50,87
138,50,88
139,50,89
140,50,90
141,51,90
142,51,91
143,52,91
144,52,92
145,53,92
146,54,92
147,54,93
148,54,94
149,54,95
150,55,95
151,56,95
152,57,95
153,58,95
154,58,96
155,58,97
156,58,98
157,59,98
158,60,98
159,60,99
160,61,99
161,61,100
162,61,101
163,61,102
164,61,103
165,61,104
166,61,105
167,62,105
168,62,106
169,62,107
170,63,107
171,63,108
172,63,109
173,63,110
174,63,111
175,63,112
176,64,112
177,64,113
178,64,114
179,65,114
180,65,115
181,66,115
182,66,116
183,67,116
184,68,116
185,68,117
186,69,117
187,69,118
188,70,118
189,70,119
190,70,120
191,71,120
192,72,120
193,73,120
194,73,121
195,73,122
196,73,123
197,74,123
198,74,124
199,75,124
200,76,124
201,77,124
202,77,125
203,78,125
204,79,125
205,80,125
206,81,125
207,81,126
208,82,126
209,83,126
210,83,127
211,83,128
212,83,129
213,83,130
214,83,131
215,84,131
216,84,132
217,84,133
218,85,133
219,85,134
220,85,135
221,86,135
222,87,135
223,88,135
224,88,136
225,89,136
226,89,137
227,90,137
228,91,137
229,91,138
230,92,138
231,92,139
232,93,139
233,93,140
234,93,141
235,93,142
236,93,143
237,93,144
238,93,145
239,94,145
240,94,146
241,94,147
242,94,148
243,94,149
244,95,149
245,95,150
246,96,150
247,96,151
248,96,152
249,96,153
250,96,154
251,96,155
252,96,156
253,96,157
254,96,158
255,97,158
256,97,159
257,98,159
258,98,160
259,99,160
260,99,161
261,99,162
262,99,163
263,99,164
264,100,164
265,101,164
266,102,164
267,102,165
268,102,166
269,102,167
270,102,168
271,103,168
272,103,169
273,103,170
274,104,170
275,104,171
276,104,172
277,105,172
278,105,173
279,106,173
280,106,174
281,107,174
282,108,174
283,108,175
284,108,176
285,108,177
286,108,178
287,109,178
288,109,179
289,109,180
290,109,181
291,109,182
292,109,183
293,109,184
294,109,185
295,109,186
296,110,186
297,111,186
298,112,186
299,112,187
300,112,188
301,112,189
302,113,189
303,113,190
304,114,190
305,114,191
306,114,192
307,115,192
308,116,192
309,116,193
310,116,194
311,116,195
312,116,196
313,116,197
314,116,198
315,117,198
316,118,198
317,119,198
318,120,198
319,121,198
320,121,199
321,121,200
322,122,200
323,122,201
324,122,202
325,123,202
326,124,202
327,124,203
328,124,204
329,125,204
330,126,204
331,126,205
332,126,206
333,127,206
334,127,207
335,127,208
336,127,209
337,127,210
338,128,210
339,129,210
340,129,211
341,130,211
342,131,211
343,132,211
344,133,211
345,133,212
346,134,212
347,134,213
348,134,214
349,135,214
350,135,215
351,135,216
352,136,216
353,136,217
354,136,218
355,136,219
356,136,220
357,137,220
358,137,221
359,138,221
360,138,222
361,138,223
362,139,223
363,140,223
364,141,223
365,142,223
366,143,223
367,143,224
368,144,224
369,145,224
370,146,224
371,146,225
372,146,226
373,146,227
374,146,228
375,147,228
376,147,229
377,148,229
378,148,230
379,149,230
380,149,231
381,149,232
382,150,232
383,150,233
384,150,234
385,150,235
386,150,236
387,150,237
388,150,238
389,150,239
390,151,239
391,152,239
392,153,239
393,153,240
394,153,241
395,153,242
396,153,243
397,154,243
398,155,243
399,155,244
400,155,245
401,156,245
402,157,245
403,157,246
404,157,247
405,157,248
406,157,249
407,157,250
408,157,251
409,158,251
410,159,251
411,160,251
412,160,252
413,161,252
414,162,252
415,163,252
416,163,253
417,163,254
418,163,255
419,163,256
420,164,256
421,164,257
422,164,258
423,164,259
424,165,259
425,166,259
426,167,259
427,168,259
428,168,260
429,168,261
430,168,262
431,168,263
432,169,263
433,170,263
434,170,264
435,170,265
436,171,265
437,171,266
438,171,267
439,171,268
440,172,268
441,173,268
442,173,269
443,174,269
444,174,270
445,175,270
446,176,270
447,177,270
448,177,271
449,177,272
450,177,273
451,177,274
452,178,274
453,179,274
454,179,275
455,179,276
456,179,277
457,179,278
458,179,279
459,180,279
460,180,280
461,180,281
462,181,281
463,181,282
464,181,283
465,182,283
466,182,284
467,182,285
468,183,285
469,183,286
470,183,287
471,183,288
472,184,288
473,185,288
474,185,289
475,185,290
476,186,290
477,186,291
478,187,291
479,188,291
480,188,292
481,189,292
482,189,293
483,189,294
484,189,295
485,189,296
486,189,297
487,189,298
488,190,298
489,191,298
490,192,298
491,193,298
492,193,299
493,193,300
494,193,301
495,193,302
496,193,303
497,193,304
498,194,304
499,195,304
500,196,304
