1,1,0
2,1,1
3,1,2
4,1,3
5,1,4
6,1,5
7,1,6
8,1,7
9,2,7
10,3,7
11,3,8
12,4,8
13,5,8
14,5,9
15,5,10
16,5,11
17,5,12
18,5,13
19,5,14
20,5,15
21,5,16
22,6,16
23,7,16
24,8,16
25,8,17
26,8,18
27,9,18
28,10,18
29,10,19
30,10,20
31,11,20
32,12,20
33,13,20
34,14,20
35,15,20
36,15,21
37,15,22
38,16,22
39,16,23
40,17,23
41,17,24
42,18,24
43,18,25
44,18,26
45,19,26
46,19,27
47,19,28
48,20,28
49,20,29
50,20,30
51,21,30
52,22,30
53,23,30
54,23,31
55,24,31
56,24,32
57,24,33
58,24,34
59,24,35
60,25,35
61,25,36
62,26,36
63,26,37
64,27,37
65,27,38
66,27,39
67,27,40
68,27,41
69,27,42
70,27,43
71,27,44
72,27,45
73,27,46
74,28,46
75,29,46
76,30,46
77,30,47
78,30,48
79,30,49
80,30,50
81,30,51
82,30,52
83,31,52
84,31,53
85,31,54
86,31,55
87,31,56
88,32,56
89,33,56
90,34,56
91,34,57
92,34,58
93,35,58
94,36,58
95,37,58
96,37,59
97,37,60
98,37,61
99,37,62
100,38,62
101,39,62
102,40,62
103,41,62
104,42,62
105,42,63
106,42,64
107,43,64
108,44,64
109,44,65
110,44,66
111,44,67
112,44,68
113,45,68
114,46,68
115,46,69
116,46,70
117,47,70
118,48,70
119,49,70
120,49,71
121,49,72
122,50,72
123,50,73
124,50,74
125,51,74
126,51,75
127,52,75
128,52,76
129,53,76
130,53,77
131,53,78
132,54,78
133,54,79
134,55,79
135,56,79
136,57,79
137,57,80
138,57,81
139,57,82
140,57,83
141,57,84
142,58,84
143,59,84
144,60,84
145,61,84
146,62,84
147,63,84
148,63,85
149,63,86
150,63,87
151,64,87
152,65,87
153,66,87
154,67,87
155,67,88
156,67,89
157,67,90
158,68,90
159,69,90
160,69,91
161,69,92
162,69,93
163,69,94
164,69,95
165,69,96
166,69,97
167,69,98
168,69,99
169,69,100
170,69,101
171,69,102
172,69,103
173,69,104
174,70,104
175,70,105
176,71,105
177,71,106
178,71,107
179,72,107
180,72,108
181,72,109
182,72,110
183,73,110
184,73,111
185,74,111
186,75,111
187,76,111
188,76,112
189,76,113
190,77,113
191,78,113
192,79,113
193,79,114
194,80,114
195,80,115
196,80,116
197,81,116
198,81,117
199,81,118
200,82,118
201,83,118
202,84,118
203,85,118
204,85,119
205,86,119
206,86,120
207,86,121
208,87,121
209,88,121
210,89,121
211,90,121
212,91,121
213,92,121
214,92,122
215,93,122
216,94,122
217,95,122
218,96,122
219,96,123
220,96,124
221,96,125
222,97,125
223,97,126
224,97,127
225,97,128
226,97,129
227,98,129
228,98,130
229,98,131
230,98,132
231,99,132
232,99,133
233,100,133
234,101,133
235,102,133
236,102,134
237,102,135
238,103,135
239,103,136
240,104,136
241,104,137
242,104,138
243,104,139
244,104,140
245,104,141
246,104,142
247,104,143
248,105,143
249,105,144
250,105,145
251,105,146
252,105,147
253,106,147
254,107,147
255,108,147
256,108,148
257,109,148
258,109,149
259,109,150
260,109,151
261,110,151
262,111,151
263,112,151
264,112,152
265,113,152
266,113,153
267,113,154
268,114,154
269,114,155
270,114,156
271,115,156
272,115,157
273,115,158
274,115,159
275,116,159
276,116,160
277,116,161
278,116,162
279,117,162
280,117,163
281,117,164
282,118,164
283,119,164
284,120,164
285,120,165
286,120,166
287,120,167
288,121,167
289,121,168
290,121,169
291,122,169
292,123,169
293,124,169
294,124,170
295,125,170
296,126,170
297,126,171
298,127,171
299,128,171
300,128,172
301,129,172
302,130,172
303,131,172
304,131,173
305,132,173
306,132,174
307,133,174
308,134,174
309,135,174
310,136,174
311,136,175
312,136,176
313,136,177
314,137,177
315,137,178
316,137,179
317,138,179
318,138,180
319,138,181
320,138,182
321,139,182
322,139,183
323,139,184
324,140,184
325,140,185
326,141,185
327,141,186
328,142,186
329,142,187
330,142,188
331,142,189
332,142,190
333,142,191
334,142,192
335,143,192
336,143,193
337,144,193
338,145,193
339,146,193
340,146,194
341,147,194
342,148,194
343,148,195
344,149,195
345,149,196
346,150,196
347,151,196
348,152,196
349,152,197
350,152,198
351,153,198
352,153,199
353,154,199
354,154,200
355,154,201
356,155,201
357,156,201
358,157,201
359,157,202
360,157,203
361,157,204
362,157,205
363,157,206
364,157,207
365,158,207
366,159,207
367,159,208
368,159,209
369,159,210
370,159,211
371,159,212
372,160,212
373,160,213
374,160,214
375,160,215
376,161,215
377,161,216
378,161,217
379,161,218
380,161,219
381,161,220
382,162,220
383,163,220
384,164,220
385,165,220
386,165,221
387,166,221
388,166,222
389,166,223
390,167,223
391,167,224
392,167,225
393,168,225
394,168,226
395,169,226
396,170,226
397,170,227
398,170,228
399,170,229
400,170,230
401,170,231
402,170,232
403,170,233
404,170,234
405,170,235
406,170,236
407,170,237
408,171,237
409,171,238
410,172,238
411,173,238
412,173,239
413,173,240
414,174,240
415,174,241
416,174,242
417,174,243
418,174,244
419,175,244
420,176,244
421,177,244
422,177,245
423,178,245
424,178,246
425,179,246
426,179,247
427,179,248
428,179,249
429,180,249
430,180,250
431,181,250
432,181,251
433,182,251
434,182,252
435,183,252
436,184,252
437,184,253
438,184,254
439,184,255
440,184,256
441,185,256
442,186,256
443,186,257
444,186,258
445,186,259
446,186,260
447,187,260
448,188,260
449,188,261
450,188,262
451,188,263
452,188,264
453,189,264
454,189,265
455,190,265
456,191,265
457,191,266
458,192,266
459,193,266
460,194,266
461,195,266
462,196,266
463,196,267
464,196,268
465,196,269
466,197,269
467,198,269
468,199,269
469,199,270
470,200,270
471,201,270
472,202,270
473,203,270
474,203,271
475,203,272
476,203,273
477,203,274
478,203,275
479,203,276
480,203,277
481,204,277
482,205,277
483,206,277
484,206,278
485,206,279
486,206,280
487,207,280
488,208,280
489,208,281
490,209,281
491,209,282
492,209,283
493,209,284
494,209,285
495,209,286
496,209,287
497,209,288
498,210,288
499,211,288
500,212,288
