1,1,0
2,2,0
3,3,0
4,4,0
5,5,0
6,6,0
7,7,0
8,8,0
9,9,0
10,10,0
11,11,0
12,11,1
13,11,2
14,11,3
15,12,3
16,13,3
17,14,3
18,15,3
19,16,3
20,17,3
21,18,3
22,18,4
23,18,5
24,19,5
25,19,6
26,19,7
27,20,7
28,21,7
29,21,8
30,22,8
31,23,8
32,23,9
33,24,9
34,25,9
35,25,10
36,25,11
37,26,11
38,27,11
39,28,11
40,29,11
41,30,11
42,30,12
43,31,12
44,32,12
45,33,12
46,33,13
47,33,14
48,34,14
49,35,14
50,36,14
51,37,14
52,38,14
53,39,14
54,39,15
55,40,15
56,40,16
57,40,17
58,41,17
59,41,18
60,41,19
61,42,19
62,43,19
63,44,19
64,44,20
65,44,21
66,45,21
67,46,21
68,46,22
69,46,23
70,46,24
71,47,24
72,48,24
73,49,24
74,50,24
75,51,24
76,52,24
77,53,24
78,53,25
79,54,25
80,55,25
81,55,26
82,55,27
83,56,27
84,57,27
85,58,27
86,58,28
87,58,29
88,59,29
89,59,30
90,60,30
91,61,30
92,62,30
93,62,31
94,63,31
95,64,31
96,64,32
97,65,32
98,66,32
99,66,33
100,66,34
101,66,35
102,67,35
103,68,35
104,69,35
105,70,35
106,70,36
107,70,37
108,71,37
109,72,37
110,72,38
111,73,38
112,74,38
113,74,39
114,75,39
115,76,39
116,77,39
117,77,40
118,78,40
119,79,40
120,80,40
121,80,41
122,81,41
123,81,42
124,82,42
125,82,43
126,82,44
127,83,44
128,83,45
129,84,45
130,84,46
131,85,46
132,86,46
133,87,46
134,87,47
135,87,48
136,88,48
137,88,49
138,88,50
139,89,50
140,90,50
141,90,51
142,91,51
143,91,52
144,92,52
145,93,52
146,93,53
147,94,53
148,95,53
149,95,54
150,96,54
151,97,54
152,98,54
153,99,54
154,100,54
155,100,55
156,100,56
157,100,57
158,100,58
159,101,58
160,102,58
161,103,58
162,104,58
163,104,59
164,104,60
165,105,60
166,105,61
167,106,61
168,106,62
169,107,62
170,107,63
171,107,64
172,108,64
173,108,65
174,108,66
175,109,66
176,110,66
177,111,66
178,112,66
179,113,66
180,114,66
181,115,66
182,115,67
183,115,68
184,116,68
185,116,69
186,117,69
187,118,69
188,118,70
189,119,70
190,120,70
191,121,70
192,122,70
193,123,70
194,124,70
195,125,70
196,126,70
197,127,70
198,127,71
199,128,71
200,128,72
201,129,72
202,130,72
203,131,72
204,132,72
205,133,72
206,133,73
207,134,73
208,135,73
209,135,74
210,136,74
211,137,74
212,137,75
213,138,75
214,139,75
215,139,76
216,140,76
217,140,77
218,141,77
219,141,78
220,142,78
221,143,78
222,143,79
223,144,79
224,144,80
225,145,80
226,146,80
227,146,81
228,147,81
229,148,81
230,148,82
231,149,82
232,150,82
233,151,82
234,152,82
235,152,83
236,153,83
237,154,83
238,155,83
239,156,83
240,157,83
241,158,83
242,159,83
243,159,84
244,160,84
245,161,84
246,162,84
247,162,85
248,162,86
249,162,87
250,163,87
251,163,88
252,163,89
253,164,89
254,165,89
255,166,89
256,167,89
257,168,89
258,169,89
259,170,89
260,171,89
261,171,90
262,172,90
263,173,90
264,173,91
265,174,91
266,175,91
267,176,91
268,177,91
269,177,92
270,178,92
271,178,93
272,178,94
273,179,94
274,180,94
275,180,95
276,181,95
277,182,95
278,183,95
279,184,95
280,185,95
281,186,95
282,186,96
283,186,97
284,187,97
285,188,97
286,189,97
287,189,98
288,190,98
289,191,98
290,192,98
291,193,98
292,194,98
293,194,99
294,194,100
295,195,100
296,196,100
297,197,100
298,197,101
299,198,101
300,199,101
301,200,101
302,201,101
303,202,101
304,203,101
305,204,101
306,205,101
307,206,101
308,207,101
309,208,101
310,208,102
311,209,102
312,209,103
313,210,103
314,211,103
315,212,103
316,212,104
317,213,104
318,214,104
319,214,105
320,215,105
321,216,105
322,217,105
323,218,105
324,218,106
325,219,106
326,219,107
327,220,107
328,221,107
329,222,107
330,222,108
331,223,108
332,224,108
333,225,108
334,226,108
335,227,108
336,228,108
337,229,108
338,229,109
339,230,109
340,230,110
341,231,110
342,232,110
343,232,111
344,233,111
345,234,111
346,235,111
347,236,111
348,236,112
349,236,113
350,237,113
351,238,113
352,239,113
353,240,113
354,241,113
355,241,114
356,242,114
357,242,115
358,243,115
359,244,115
360,245,115
361,246,115
362,247,115
363,248,115
364,249,115
365,250,115
366,251,115
367,251,116
368,252,116
369,253,116
370,254,116
371,255,116
372,255,117
373,255,118
374,255,119
375,255,120
376,256,120
377,257,120
378,258,120
379,258,121
380,258,122
381,259,122
382,259,123
383,260,123
384,260,124
385,261,124
386,261,125
387,262,125
388,262,126
389,263,126
390,263,127
391,263,128
392,264,128
393,265,128
394,266,128
395,267,128
396,268,128
397,268,129
398,269,129
399,270,129
400,270,130
401,271,130
402,272,130
403,273,130
404,274,130
405,275,130
406,275,131
407,276,131
408,277,131
409,278,131
410,279,131
411,280,131
412,280,132
413,280,133
414,280,134
415,281,134
416,282,134
417,283,134
418,283,135
419,284,135
420,285,135
421,286,135
422,287,135
423,287,136
424,288,136
425,289,136
426,289,137
427,290,137
428,291,137
429,292,137
430,292,138
431,293,138
432,293,139
433,293,140
434,294,140
435,295,140
436,295,141
437,296,141
438,297,141
439,298,141
440,298,142
441,299,142
442,299,143
443,300,143
444,301,143
445,302,143
446,303,143
447,303,144
448,304,144
449,305,144
450,305,145
451,306,145
452,307,145
453,307,146
454,308,146
455,308,147
456,309,147
457,310,147
458,311,147
459,311,148
460,312,148
461,313,148
462,314,148
463,315,148
464,316,148
465,317,148
466,318,148
467,318,149
468,319,149
469,320,149
470,321,149
471,322,149
472,323,149
473,323,150
474,324,150
475,325,150
476,326,150
477,326,151
478,327,151
479,327,152
480,327,153
481,327,154
482,327,155
483,327,156
484,328,156
485,329,156
486,330,156
487,331,156
488,331,157
489,332,157
490,332,158
491,333,158
492,333,159
493,334,159
494,335,159
495,336,159
496,337,159
497,338,159
498,339,159
499,340,159
500,341,159
