1,0,1
2,0,2
3,0,3
4,0,4
5,0,5
6,1,5
7,2,5
8,2,6
9,2,7
10,3,7
11,4,7
12,4,8
13,4,9
14,4,10
15,4,11
16,4,12
17,4,13
18,5,13
19,5,14
20,5,15
21,5,16
22,5,17
23,6,17
24,6,18
25,6,19
26,6,20
27,7,20
28,8,20
29,9,20
30,9,21
31,9,22
32,9,23
33,9,24
34,10,24
35,10,25
36,10,26
37,10,27
38,10,28
39,11,28
40,12,28
41,12,29
42,13,29
43,13,30
44,14,30
45,14,31
46,14,32
47,14,33
48,15,33
49,16,33
50,17,33
51,17,34
52,18,34
53,19,34
54,19,35
55,19,36
56,19,37
57,19,38
58,19,39
59,20,39
60,20,40
61,20,41
62,21,41
63,21,42
64,21,43
65,21,44
66,22,44
67,23,44
68,23,45
69,23,46
70,23,47
71,23,48
72,23,49
73,24,49
74,24,50
75,25,50
76,25,51
77,25,52
78,26,52
79,26,53
80,26,54
81,26,55
82,26,56
83,26,57
84,26,58
85,26,59
86,26,60
87,26,61
88,27,61
89,27,62
90,27,63
91,28,63
92,29,63
93,30,63
94,30,64
95,30,65
96,31,65
97,31,66
98,31,67
99,32,67
100,32,68
101,32,69
102,33,69
103,33,70
104,33,71
105,34,71
106,35,71
107,35,72
108,35,73
109,36,73
110,36,74
111,37,74
112,37,75
113,37,76
114,37,77
115,37,78
116,37,79
117,37,80
118,37,81
119,38,81
120,38,82
121,38,83
122,39,83
123,40,83
124,41,83
125,41,84
126,41,85
127,41,86
128,41,87
129,42,87
130,43,87
131,44,87
132,44,88
133,44,89
134,44,90
135,44,91
136,45,91
137,45,92
138,45,93
139,45,94
140,46,94
141,46,95
142,47,95
143,47,96
144,47,97
145,48,97
146,48,98
147,49,98
148,49,99
149,49,100
150,49,101
151,49,102
152,50,102
153,51,102
154,51,103
155,51,104
156,51,105
157,51,106
158,52,106
159,52,107
160,53,107
161,53,108
162,54,108
163,54,109
164,54,110
165,55,110
166,55,111
167,56,111
168,56,112
169,56,113
170,56,114
171,56,115
172,57,115
173,57,116
174,58,116
175,59,116
176,60,116
177,60,117
178,61,117
179,62,117
180,62,118
181,62,119
182,63,119
183,63,120
184,63,121
185,63,122
186,64,122
187,65,122
188,65,123
189,65,124
190,65,125
191,65,126
192,65,127
193,65,128
194,66,128
195,66,129
196,67,129
197,67,130
198,67,131
199,67,132
200,67,133
201,67,134
202,68,134
203,68,135
204,69,135
205,69,136
206,69,137
207,70,137
208,70,138
209,70,139
210,70,140
211,70,141
212,71,141
213,72,141
214,72,142
215,72,143
216,73,143
217,73,144
218,74,144
219,75,144
220,75,145
221,75,146
222,76,146
223,77,146
224,78,146
225,78,147
226,78,148
227,79,148
228,80,148
229,81,148
230,82,148
231,82,149
232,82,150
233,82,151
234,83,151
235,83,152
236,84,152
237,84,153
238,84,154
239,84,155
240,85,155
241,85,156
242,86,156
243,86,157
244,86,158
245,86,159
246,86,160
247,87,160
248,87,161
249,87,162
250,87,163
251,87,164
252,87,165
253,87,166
254,87,167
255,87,168
256,87,169
257,88,169
258,88,170
259,89,170
260,90,170
261,91,170
262,91,171
263,91,172
264,91,173
265,91,174
266,91,175
267,92,175
268,92,176
269,93,176
270,93,177
271,93,178
272,93,179
273,94,179
274,94,180
275,94,181
276,95,181
277,95,182
278,96,182
279,97,182
280,98,182
281,99,182
282,99,183
283,99,184
284,99,185
285,100,185
286,100,186
287,100,187
288,101,187
289,102,187
290,102,188
291,103,188
292,103,189
293,103,190
294,103,191
295,104,191
296,104,192
297,105,192
298,106,192
299,106,193
300,107,193
301,107,194
302,108,194
303,108,195
304,108,196
305,108,197
306,108,198
307,108,199
308,109,199
309,109,200
310,109,201
311,110,201
312,110,202
313,111,202
314,111,203
315,111,204
316,111,205
317,111,206
318,112,206
319,112,207
320,112,208
321,113,208
322,113,209
323,113,210
324,113,211
325,113,212
326,114,212
327,115,212
328,115,213
329,116,213
330,117,213
331,117,214
332,118,214
333,119,214
334,119,215
335,119,216
336,119,217
337,120,217
338,121,217
339,121,218
340,121,219
341,121,220
342,122,220
343,122,221
344,122,222
345,122,223
346,123,223
347,124,223
348,124,224
349,124,225
350,124,226
351,125,226
352,125,227
353,125,228
354,126,228
355,126,229
356,127,229
357,128,229
358,128,230
359,128,231
360,129,231
361,129,232
362,129,233
363,130,233
364,130,234
365,131,234
366,131,235
367,132,235
368,133,235
369,133,236
370,133,237
371,133,238
372,134,238
373,134,239
374,135,239
375,135,240
376,135,241
377,135,242
378,135,243
379,135,244
380,136,244
381,136,245
382,137,245
383,137,246
384,137,247
385,138,247
386,138,248
387,138,249
388,139,249
389,139,250
390,140,250
391,141,250
392,142,250
393,143,250
394,143,251
395,143,252
396,143,253
397,144,253
398,145,253
399,145,254
400,145,255
401,146,255
402,147,255
403,148,255
404,149,255
405,150,255
406,150,256
407,150,257
408,150,258
409,150,259
410,150,260
411,150,261
412,151,261
413,152,261
414,152,262
415,152,263
416,153,263
417,153,264
418,154,264
419,155,264
420,155,265
421,156,265
422,156,266
423,156,267
424,156,268
425,156,269
426,156,270
427,157,270
428,158,270
429,159,270
430,159,271
431,160,271
432,160,272
433,161,272
434,161,273
435,162,273
436,162,274
437,162,275
438,162,276
439,163,276
440,164,276
441,164,277
442,164,278
443,164,279
444,165,279
445,165,280
446,166,280
447,166,281
448,166,282
449,167,282
450,167,283
451,167,284
452,167,285
453,167,286
454,167,287
455,168,287
456,169,287
457,169,288
458,169,289
459,169,290
460,169,291
461,169,292
462,170,292
463,170,293
464,170,294
465,171,294
466,171,295
467,172,295
468,172,296
469,173,296
470,174,296
471,174,297
472,175,297
473,176,297
474,176,298
475,176,299
476,177,299
477,178,299
478,178,300
479,179,300
480,179,301
481,179,302
482,179,303
483,180,303
484,180,304
485,181,304
486,181,305
487,182,305
488,182,306
489,183,306
490,184,306
491,184,307
492,185,307
493,185,308
494,185,309
495,185,310
496,186,310
497,187,310
498,187,311
499,187,312
500,188,312
