1,1,0
2,2,0
3,2,1
4,3,1
5,3,2
6,3,3
7,3,4
8,4,4
9,5,4
10,5,5
11,5,6
12,5,7
13,5,8
14,6,8
15,6,9
16,7,9
17,8,9
18,9,9
19,10,9
20,11,9
21,11,10
22,12,10
23,12,11
24,13,11
25,14,11
26,15,11
27,15,12
28,15,13
29,16,13
30,17,13
31,17,14
32,18,14
33,18,15
34,18,16
35,18,17
36,18,18
37,18,19
38,18,20
39,18,21
40,19,21
41,20,21
42,21,21
43,21,22
44,21,23
45,22,23
46,23,23
47,24,23
48,25,23
49,25,24
50,26,24
51,26,25
52,26,26
53,27,26
54,27,27
55,27,28
56,28,28
57,29,28
58,30,28
59,30,29
60,31,29
61,31,30
62,32,30
63,32,31
64,33,31
65,33,32
66,33,33
67,33,34
68,34,34
69,35,34
70,36,34
71,37,34
72,37,35
73,37,36
74,37,37
75,37,38
76,38,38
77,38,39
78,39,39
79,39,40
80,39,41
81,39,42
82,39,43
83,39,44
84,40,44
85,41,44
86,41,45
87,41,46
88,42,46
89,43,46
90,43,47
91,44,47
92,44,48
93,44,49
94,45,49
95,46,49
96,47,49
97,48,49
98,49,49
99,50,49
100,51,49
101,52,49
102,52,50
103,52,51
104,53,51
105,53,52
106,54,52
107,54,53
108,54,54
109,54,55
110,55,55
111,56,55
112,57,55
113,58,55
114,59,55
115,59,56
116,59,57
117,59,58
118,59,59
119,60,59
120,61,59
121,62,59
122,63,59
123,63,60
124,64,60
125,65,60
126,66,60
127,66,61
128,67,61
129,68,61
130,68,62
131,69,62
132,70,62
133,70,63
134,70,64
135,71,64
136,71,65
137,72,65
138,73,65
139,74,65
140,75,65
141,76,65
142,76,66
143,77,66
144,77,67
145,78,67
146,79,67
147,79,68
148,79,69
149,80,69
150,80,70
151,81,70
152,82,70
153,82,71
154,82,72
155,83,72
156,84,72
157,84,73
158,84,74
159,84,75
160,85,75
161,85,76
162,86,76
163,87,76
164,88,76
165,88,77
166,88,78
167,89,78
168,90,78
169,90,79
170,91,79
171,91,80
172,92,80
173,93,80
174,93,81
175,94,81
176,94,82
177,95,82
178,95,83
179,96,83
180,96,84
181,97,84
182,97,85
183,97,86
184,98,86
185,99,86
186,99,87
187,99,88
188,99,89
189,99,90
190,100,90
191,100,91
192,101,91
193,102,91
194,102,92
195,103,92
196,103,93
197,103,94
198,104,94
199,105,94
200,105,95
201,106,95
202,106,96
203,107,96
204,108,96
205,109,96
206,109,97
207,109,98
208,110,98
209,111,98
210,111,99
211,111,100
212,112,100
213,113,100
214,114,100
215,115,100
216,115,101
217,116,101
218,116,102
219,116,103
220,116,104
221,117,104
222,117,105
223,117,106
224,118,106
225,119,106
226,119,107
227,120,107
228,120,108
229,121,108
230,121,109
231,122,109
232,123,109
233,123,110
234,123,111
235,124,111
236,124,112
237,124,113
238,124,114
239,124,115
240,124,116
241,125,116
242,126,116
243,126,117
244,126,118
245,126,119
246,127,119
247,127,120
248,128,120
249,128,121
250,128,122
251,128,123
252,128,124
253,129,124
254,130,124
255,131,124
256,131,125
257,131,126
258,132,126
259,133,126
260,134,126
261,134,127
262,135,127
263,135,128
264,136,128
265,136,129
266,137,129
267,137,130
268,137,131
269,137,132
270,138,132
271,138,133
272,139,133
273,140,133
274,140,134
275,140,135
276,140,136
277,140,137
278,141,137
279,141,138
280,142,138
281,143,138
282,143,139
283,143,140
284,143,141
285,143,142
286,144,142
287,144,143
288,145,143
289,145,144
290,146,144
291,146,145
292,147,145
293,147,146
294,148,146
295,148,147
296,149,147
297,149,148
298,150,148
299,151,148
300,151,149
301,152,149
302,153,149
303,154,149
304,154,150
305,154,151
306,155,151
307,155,152
308,156,152
309,156,153
310,157,153
311,158,153
312,159,153
313,160,153
314,160,154
315,161,154
316,162,154
317,162,155
318,163,155
319,163,156
320,164,156
321,164,157
322,164,158
323,164,159
324,164,160
325,164,161
326,165,161
327,166,161
328,167,161
329,167,162
330,167,163
331,167,164
332,167,165
333,168,165
334,168,166
335,169,166
336,169,167
337,169,168
338,170,168
339,171,168
340,171,169
341,171,170
342,172,170
343,173,170
344,173,171
345,174,171
346,174,172
347,174,173
348,174,174
349,175,174
350,176,174
351,176,175
352,177,175
353,178,175
354,179,175
355,180,175
356,181,175
357,182,175
358,182,176
359,182,177
360,183,177
361,183,178
362,184,178
363,184,179
364,184,180
365,184,181
366,185,181
367,185,182
368,186,182
369,187,182
370,187,183
371,187,184
372,188,184
373,188,185
374,189,185
375,189,186
376,190,186
377,190,187
378,191,187
379,191,188
380,191,189
381,192,189
382,192,190
383,193,190
384,194,190
385,194,191
386,195,191
387,195,192
388,196,192
389,196,193
390,197,193
391,198,193
392,198,194
393,199,194
394,199,195
395,200,195
396,201,195
397,202,195
398,203,195
399,204,195
400,205,195
401,206,195
402,206,196
403,207,196
404,208,196
405,209,196
406,210,196
407,211,196
408,212,196
409,213,196
410,213,197
411,214,197
412,215,197
413,216,197
414,217,197
415,218,197
416,218,198
417,219,198
418,220,198
419,220,199
420,221,199
421,221,200
422,222,200
423,222,201
424,223,201
425,223,202
426,224,202
427,224,203
428,224,204
429,225,204
430,226,204
431,227,204
432,227,205
433,228,205
434,229,205
435,229,206
436,229,207
437,230,207
438,231,207
439,232,207
440,233,207
441,233,208
442,234,208
443,235,208
444,236,208
445,237,208
446,238,208
447,239,208
448,239,209
449,239,210
450,240,210
451,240,211
452,240,212
453,241,212
454,241,213
455,241,214
456,241,215
457,242,215
458,243,215
459,243,216
460,244,216
461,245,216
462,245,217
463,245,218
464,245,219
465,246,219
466,247,219
467,247,220
468,248,220
469,248,221
470,249,221
471,250,221
472,251,221
473,251,222
474,252,222
475,252,223
476,252,224
477,253,224
478,253,225
479,254,225
480,255,225
481,256,225
482,257,225
483,257,226
484,257,227
485,258,227
486,258,228
487,259,228
488,260,228
489,260,229
490,260,230
491,261,230
492,261,231
493,262,231
494,263,231
495,263,232
496,263,233
497,264,233
498,264,234
499,265,234
500,266,234
