1,1,0
2,1,1
3,2,1
4,3,1
5,4,1
6,4,2
7,4,3
8,4,4
9,5,4
10,5,5
11,6,5
12,6,6
13,6,7
14,6,8
15,6,9
16,7,9
17,7,10
18,8,10
19,9,10
20,10,10
21,11,10
22,11,11
23,11,12
24,12,12
25,12,13
26,13,13
27,14,13
28,15,13
29,16,13
30,17,13
31,18,13
32,19,13
33,20,13
34,20,14
35,20,15
36,21,15
37,22,15
38,22,16
39,22,17
40,22,18
41,23,18
42,24,18
43,25,18
44,25,19
45,25,20
46,25,21
47,26,21
48,26,22
49,26,23
50,26,24
51,26,25
52,26,26
53,26,27
54,27,27
55,27,28
56,27,29
57,28,29
58,29,29
59,30,29
60,30,30
61,30,31
62,30,32
63,31,32
64,32,32
65,33,32
66,33,33
67,34,33
68,34,34
69,35,34
70,36,34
71,36,35
72,37,35
73,37,36
74,38,36
75,38,37
76,38,38
77,39,38
78,40,38
79,40,39
80,40,40
81,41,40
82,41,41
83,42,41
84,43,41
85,43,42
86,43,43
87,44,43
88,45,43
89,45,44
90,46,44
91,46,45
92,46,46
93,46,47
94,47,47
95,48,47
96,48,48
97,48,49
98,48,50
99,49,50
100,50,50
101,51,50
102,52,50
103,52,51
104,53,51
105,54,51
106,55,51
107,55,52
108,56,52
109,56,53
110,57,53
111,57,54
112,58,54
113,59,54
114,60,54
115,60,55
116,60,56
117,60,57
118,61,57
119,62,57
120,63,57
121,63,58
122,64,58
123,64,59
124,64,60
125,64,61
126,64,62
127,64,63
128,64,64
129,65,64
130,66,64
131,66,65
132,66,66
133,66,67
134,66,68
135,67,68
136,67,69
137,68,69
138,69,69
139,69,70
140,70,70
141,71,70
142,72,70
143,73,70
144,73,71
145,74,71
146,75,71
147,75,72
148,76,72
149,76,73
150,77,73
151,78,73
152,78,74
153,79,74
154,80,74
155,80,75
156,81,75
157,82,75
158,83,75
159,84,75
160,84,76
161,85,76
162,86,76
163,87,76
164,88,76
165,88,77
166,89,77
167,89,78
168,90,78
169,90,79
170,90,80
171,90,81
172,90,82
173,91,82
174,91,83
175,91,84
176,91,85
177,92,85
178,93,85
179,93,86
180,93,87
181,94,87
182,95,87
183,95,88
184,95,89
185,96,89
186,97,89
187,98,89
188,99,89
189,99,90
190,100,90
191,101,90
192,102,90
193,102,91
194,103,91
195,103,92
196,103,93
197,103,94
198,104,94
199,104,95
200,104,96
201,105,96
202,105,97
203,105,98
204,106,98
205,106,99
206,106,100
207,107,100
208,108,100
209,109,100
210,110,100
211,110,101
212,110,102
213,111,102
214,111,103
215,112,103
216,113,103
217,113,104
218,113,105
219,113,106
220,114,106
221,115,106
222,116,106
223,116,107
224,116,108
225,117,108
226,118,108
227,118,109
228,118,110
229,119,110
230,119,111
231,120,111
232,121,111
233,122,111
234,122,112
235,123,112
236,123,113
237,123,114
238,124,114
239,124,115
240,124,116
241,125,116
242,125,117
243,125,118
244,125,119
245,125,120
246,126,120
247,126,121
248,126,122
249,126,123
250,126,124
251,126,125
252,127,125
253,127,126
254,128,126
255,128,127
256,129,127
257,130,127
258,131,127
259,132,127
260,132,128
261,133,128
262,134,128
263,134,129
264,135,129
265,135,130
266,135,131
267,136,131
268,137,131
269,137,132
270,138,132
271,139,132
272,139,133
273,139,134
274,139,135
275,140,135
276,140,136
277,141,136
278,142,136
279,143,136
280,143,137
281,144,137
282,144,138
283,145,138
284,146,138
285,146,139
286,146,140
287,147,140
288,148,140
289,148,141
290,149,141
291,150,141
292,150,142
293,150,143
294,150,144
295,151,144
296,151,145
297,151,146
298,151,147
299,152,147
300,153,147
301,154,147
302,155,147
303,155,148
304,155,149
305,156,149
306,156,150
307,157,150
308,158,150
309,159,150
310,159,151
311,159,152
312,159,153
313,159,154
314,159,155
315,159,156
316,160,156
317,160,157
318,160,158
319,160,159
320,160,160
321,160,161
322,160,162
323,161,162
324,162,162
325,163,162
326,164,162
327,165,162
328,165,163
329,166,163
330,166,164
331,166,165
332,167,165
333,167,166
334,168,166
335,169,166
336,170,166
337,170,167
338,170,168
339,170,169
340,170,170
341,171,170
342,171,171
343,172,171
344,172,172
345,173,172
346,174,172
347,175,172
348,176,172
349,176,173
350,177,173
351,178,173
352,179,173
353,180,173
354,181,173
355,181,174
356,182,174
357,182,175
358,182,176
359,183,176
360,184,176
361,184,177
362,185,177
363,186,177
364,187,177
365,188,177
366,188,178
367,188,179
368,189,179
369,190,179
370,191,179
371,191,180
372,191,181
373,191,182
374,191,183
375,192,183
376,193,183
377,193,184
378,193,185
379,193,186
380,193,187
381,194,187
382,195,187
383,196,187
384,196,188
385,197,188
386,197,189
387,197,190
388,198,190
389,199,190
390,199,191
391,199,192
392,199,193
393,200,193
394,201,193
395,201,194
396,202,194
397,202,195
398,203,195
399,203,196
400,203,197
401,204,197
402,205,197
403,206,197
404,207,197
405,208,197
406,209,197
407,209,198
408,210,198
409,210,199
410,211,199
411,211,200
412,211,201
413,211,202
414,212,202
415,212,203
416,213,203
417,214,203
418,214,204
419,214,205
420,215,205
421,216,205
422,216,206
423,217,206
424,217,207
425,218,207
426,219,207
427,220,207
428,220,208
429,221,208
430,222,208
431,222,209
432,222,210
433,222,211
434,222,212
435,222,213
436,223,213
437,223,214
438,223,215
439,223,216
440,224,216
441,225,216
442,225,217
443,226,217
444,227,217
445,228,217
446,228,218
447,229,218
448,230,218
449,231,218
450,232,218
451,233,218
452,233,219
453,234,219
454,234,220
455,234,221
456,234,222
457,235,222
458,235,223
459,236,223
460,236,224
461,237,224
462,237,225
463,237,226
464,238,226
465,239,226
466,240,226
467,240,227
468,240,228
469,240,229
470,240,230
471,241,230
472,242,230
473,243,230
474,244,230
475,245,230
476,246,230
477,247,230
478,248,230
479,248,231
480,248,232
481,249,232
482,250,232
483,250,233
484,250,234
485,250,235
486,251,235
487,252,235
488,253,235
489,253,236
490,253,237
491,254,237
492,254,238
493,254,239
494,254,240
495,255,240
496,255,241
497,256,241
498,256,242
499,256,243
500,256,244
