1,1,0
2,2,0
3,2,1
4,2,2
5,3,2
6,4,2
7,4,3
8,4,4
9,4,5
10,4,6
11,5,6
12,5,7
13,6,7
14,7,7
15,8,7
16,8,8
17,9,8
18,9,9
19,9,10
20,9,11
21,10,11
22,11,11
23,12,11
24,13,11
25,13,12
26,14,12
27,14,13
28,15,13
29,16,13
30,16,14
31,16,15
32,16,16
33,17,16
34,18,16
35,18,17
36,19,17
37,19,18
38,20,18
39,21,18
40,21,19
41,22,19
42,22,20
43,23,20
44,23,21
45,24,21
46,25,21
47,25,22
48,26,22
49,27,22
50,28,22
51,29,22
52,29,23
53,30,23
54,31,23
55,32,23
56,32,24
57,32,25
58,32,26
59,32,27
60,33,27
61,33,28
62,34,28
63,34,29
64,34,30
65,34,31
66,35,31
67,36,31
68,36,32
69,37,32
70,38,32
71,38,33
72,38,34
73,39,34
74,40,34
75,41,34
76,42,34
77,42,35
78,42,36
79,42,37
80,43,37
81,44,37
82,44,38
83,44,39
84,45,39
85,46,39
86,47,39
87,47,40
88,47,41
89,47,42
90,48,42
91,48,43
92,48,44
93,49,44
94,50,44
95,51,44
96,51,45
97,52,45
98,52,46
99,52,47
100,53,47
101,54,47
102,55,47
103,56,47
104,56,48
105,57,48
106,57,49
107,58,49
108,59,49
109,59,50
110,60,50
111,60,51
112,61,51
113,61,52
114,61,53
115,62,53
116,62,54
117,63,54
118,64,54
119,64,55
120,64,56
121,65,56
122,65,57
123,66,57
124,66,58
125,67,58
126,68,58
127,69,58
128,69,59
129,69,60
130,70,60
131,70,61
132,71,61
133,72,61
134,72,62
135,73,62
136,74,62
137,75,62
138,75,63
139,75,64
140,75,65
141,75,66
142,75,67
143,76,67
144,77,67
145,77,68
146,77,69
147,77,70
148,78,70
149,79,70
150,80,70
151,81,70
152,81,71
153,82,71
154,82,72
155,82,73
156,82,74
157,83,74
158,83,75
159,84,75
160,85,75
161,85,76
162,85,77
163,85,78
164,86,78
165,86,79
166,86,80
167,86,81
168,87,81
169,88,81
170,88,82
171,89,82
172,89,83
173,90,83
174,90,84
175,91,84
176,92,84
177,92,85
178,93,85
179,94,85
180,95,85
181,96,85
182,97,85
183,97,86
184,97,87
185,98,87
186,98,88
187,99,88
188,99,89
189,100,89
190,101,89
191,101,90
192,101,91
193,102,91
194,103,91
195,103,92
196,104,92
197,104,93
198,104,94
199,105,94
200,105,95
201,105,96
202,106,96
203,106,97
204,106,98
205,106,99
206,106,100
207,107,100
208,107,101
209,107,102
210,107,103
211,107,104
212,107,105
213,108,105
214,108,106
215,109,106
216,110,106
217,111,106
218,112,106
219,113,106
220,114,106
221,114,107
222,115,107
223,115,108
224,116,108
225,117,108
226,118,108
227,118,109
228,118,110
229,119,110
230,120,110
231,120,111
232,121,111
233,122,111
234,123,111
235,124,111
236,124,112
237,124,113
238,124,114
239,124,115
240,124,116
241,124,117
242,125,117
243,126,117
244,126,118
245,127,118
246,127,119
247,128,119
248,128,120
249,129,120
250,130,120
251,130,121
252,130,122
253,131,122
254,131,123
255,132,123
256,133,123
257,134,123
258,135,123
259,136,123
260,136,124
261,136,125
262,136,126
263,137,126
264,138,126
265,139,126
266,140,126
267,141,126
268,141,127
269,141,128
270,141,129
271,141,130
272,142,130
273,143,130
274,143,131
275,144,131
276,144,132
277,145,132
278,145,133
279,145,134
280,146,134
281,146,135
282,146,136
283,146,137
284,147,137
285,147,138
286,148,138
287,148,139
288,149,139
289,149,140
290,150,140
291,151,140
292,151,141
293,152,141
294,153,141
295,154,141
296,154,142
297,155,142
298,155,143
299,155,144
300,156,144
301,157,144
302,158,144
303,159,144
304,159,145
305,160,145
306,160,146
307,161,146
308,162,146
309,162,147
310,163,147
311,163,148
312,164,148
313,164,149
314,165,149
315,165,150
316,165,151
317,165,152
318,166,152
319,166,153
320,167,153
321,167,154
322,167,155
323,167,156
324,167,157
325,168,157
326,169,157
327,170,157
328,170,158
329,171,158
330,172,158
331,173,158
332,173,159
333,174,159
334,174,160
335,174,161
336,174,162
337,175,162
338,176,162
339,176,163
340,177,163
341,178,163
342,179,163
343,180,163
344,180,164
345,180,165
346,180,166
347,181,166
348,181,167
349,181,168
350,181,169
351,181,170
352,182,170
353,183,170
354,184,170
355,184,171
356,185,171
357,185,172
358,185,173
359,186,173
360,186,174
361,186,175
362,186,176
363,186,177
364,186,178
365,187,178
366,188,178
367,189,178
368,190,178
369,191,178
370,192,178
371,192,179
372,192,180
373,193,180
374,193,181
375,194,181
376,194,182
377,195,182
378,196,182
379,196,183
380,196,184
381,196,185
382,197,185
383,197,186
384,198,186
385,199,186
386,199,187
387,199,188
388,200,188
389,200,189
390,201,189
391,202,189
392,203,189
393,204,189
394,204,190
395,204,191
396,205,191
397,206,191
398,207,191
399,207,192
400,207,193
401,208,193
402,209,193
403,210,193
404,211,193
405,211,194
406,211,195
407,212,195
408,212,196
409,213,196
410,213,197
411,214,197
412,215,197
413,215,198
414,216,198
415,216,199
416,216,200
417,217,200
418,218,200
419,218,201
420,218,202
421,219,202
422,219,203
423,219,204
424,220,204
425,221,204
426,221,205
427,222,205
428,223,205
429,223,206
430,223,207
431,224,207
432,224,208
433,225,208
434,225,209
435,225,210
436,225,211
437,226,211
438,226,212
439,227,212
440,227,213
441,227,214
442,228,214
443,228,215
444,229,215
445,230,215
446,230,216
447,230,217
448,231,217
449,231,218
450,231,219
451,232,219
452,233,219
453,234,219
454,234,220
455,234,221
456,234,222
457,235,222
458,236,222
459,236,223
460,237,223
461,238,223
462,239,223
463,239,224
464,240,224
465,240,225
466,241,225
467,241,226
468,241,227
469,242,227
470,242,228
471,242,229
472,243,229
473,244,229
474,245,229
475,245,230
476,246,230
477,247,230
478,247,231
479,248,231
480,248,232
481,248,233
482,249,233
483,249,234
484,250,234
485,250,235
486,251,235
487,252,235
488,253,235
489,253,236
490,254,236
491,255,236
492,255,237
493,256,237
494,257,237
495,258,237
496,258,238
497,258,239
498,259,239
499,260,239
500,261,239
