1,1,0
2,2,0
3,3,0
4,3,1
5,4,1
6,5,1
7,6,1
8,7,1
9,8,1
10,9,1
11,9,2
12,9,3
13,10,3
14,11,3
15,12,3
16,13,3
17,14,3
18,14,4
19,15,4
20,16,4
21,17,4
22,18,4
23,19,4
24,20,4
25,21,4
26,22,4
27,22,5
28,22,6
29,23,6
30,23,7
31,23,8
32,23,9
33,23,10
34,23,11
35,23,12
36,23,13
37,24,13
38,25,13
39,26,13
40,27,13
41,28,13
42,28,14
43,29,14
44,29,15
45,30,15
46,31,15
47,31,16
48,32,16
49,33,16
50,33,17
51,33,18
52,34,18
53,35,18
54,35,19
55,35,20
56,36,20
57,36,21
58,37,21
59,38,21
60,38,22
61,38,23
62,39,23
63,40,23
64,41,23
65,42,23
66,43,23
67,44,23
68,45,23
69,46,23
70,47,23
71,47,24
72,48,24
73,49,24
74,50,24
75,50,25
76,51,25
77,52,25
78,52,26
79,53,26
80,54,26
81,54,27
82,54,28
83,54,29
84,54,30
85,54,31
86,54,32
87,55,32
88,55,33
89,55,34
90,56,34
91,57,34
92,57,35
93,58,35
94,59,35
95,59,36
96,59,37
97,59,38
98,60,38
99,60,39
100,61,39
101,62,39
102,62,40
103,62,41
104,63,41
105,63,42
106,64,42
107,65,42
108,65,43
109,66,43
110,67,43
111,68,43
112,69,43
113,70,43
114,71,43
115,72,43
116,73,43
117,74,43
118,75,43
119,75,44
120,76,44
121,77,44
122,77,45
123,78,45
124,78,46
125,78,47
126,79,47
127,79,48
128,80,48
129,80,49
130,80,50
131,81,50
132,82,50
133,82,51
134,83,51
135,83,52
136,84,52
137,85,52
138,86,52
139,86,53
140,87,53
141,87,54
142,87,55
143,88,55
144,89,55
145,90,55
146,90,56
147,90,57
148,91,57
149,92,57
150,92,58
151,93,58
152,93,59
153,94,59
154,94,60
155,95,60
156,96,60
157,96,61
158,97,61
159,98,61
160,98,62
161,99,62
162,100,62
163,100,63
164,101,63
165,101,64
166,102,64
167,103,64
168,103,65
169,103,66
170,103,67
171,103,68
172,104,68
173,105,68
174,106,68
175,106,69
176,106,70
177,107,70
178,107,71
179,108,71
180,109,71
181,110,71
182,110,72
183,110,73
184,110,74
185,111,74
186,112,74
187,112,75
188,113,75
189,114,75
190,114,76
191,115,76
192,115,77
193,116,77
194,117,77
195,117,78
196,118,78
197,119,78
198,120,78
199,121,78
200,121,79
201,121,80
202,122,80
203,123,80
204,124,80
205,125,80
206,126,80
207,127,80
208,127,81
209,128,81
210,129,81
211,130,81
212,130,82
213,130,83
214,131,83
215,132,83
216,132,84
217,132,85
218,132,86
219,132,87
220,132,88
221,132,89
222,132,90
223,133,90
224,134,90
225,135,90
226,136,90
227,136,91
228,137,91
229,137,92
230,137,93
231,137,94
232,138,94
233,138,95
234,139,95
235,140,95
236,141,95
237,142,95
238,143,95
239,143,96
240,144,96
241,145,96
242,145,97
243,146,97
244,146,98
245,146,99
246,147,99
247,147,100
248,148,100
249,149,100
250,150,100
251,151,100
252,151,101
253,152,101
254,153,101
255,154,101
256,155,101
257,156,101
258,156,102
259,156,103
260,157,103
261,157,104
262,158,104
263,159,104
264,159,105
265,159,106
266,160,106
267,160,107
268,161,107
269,162,107
270,163,107
271,163,108
272,163,109
273,164,109
274,164,110
275,165,110
276,165,111
277,165,112
278,165,113
279,166,113
280,166,114
281,167,114
282,167,115
283,168,115
284,168,116
285,168,117
286,169,117
287,170,117
288,171,117
289,172,117
290,173,117
291,174,117
292,175,117
293,176,117
294,177,117
295,177,118
296,177,119
297,178,119
298,178,120
299,179,120
300,179,121
301,180,121
302,181,121
303,182,121
304,183,121
305,184,121
306,185,121
307,186,121
308,187,121
309,188,121
310,189,121
311,189,122
312,190,122
313,191,122
314,191,123
315,191,124
316,192,124
317,193,124
318,194,124
319,195,124
320,196,124
321,197,124
322,198,124
323,198,125
324,198,126
325,199,126
326,199,127
327,199,128
328,200,128
329,201,128
330,202,128
331,203,128
332,204,128
333,205,128
334,205,129
335,205,130
336,206,130
337,207,130
338,207,131
339,208,131
340,209,131
341,210,131
342,210,132
343,210,133
344,211,133
345,211,134
346,211,135
347,212,135
348,213,135
349,214,135
350,215,135
351,215,136
352,216,136
353,217,136
354,218,136
355,219,136
356,220,136
357,221,136
358,222,136
359,222,137
360,223,137
361,224,137
362,224,138
363,225,138
364,225,139
365,226,139
366,227,139
367,227,140
368,228,140
369,229,140
370,230,140
371,231,140
372,232,140
373,232,141
374,232,142
375,233,142
376,233,143
377,234,143
378,235,143
379,235,144
380,235,145
381,236,145
382,236,146
383,237,146
384,237,147
385,237,148
386,238,148
387,238,149
388,238,150
389,238,151
390,238,152
391,239,152
392,240,152
393,241,152
394,242,152
395,242,153
396,243,153
397,244,153
398,245,153
399,246,153
400,247,153
401,248,153
402,248,154
403,249,154
404,249,155
405,249,156
406,249,157
407,249,158
408,249,159
409,250,159
410,251,159
411,252,159
412,253,159
413,253,160
414,254,160
415,255,160
416,256,160
417,256,161
418,256,162
419,257,162
420,258,162
421,259,162
422,260,162
423,261,162
424,262,162
425,263,162
426,264,162
427,264,163
428,264,164
429,264,165
430,265,165
431,266,165
432,267,165
433,268,165
434,269,165
435,270,165
436,271,165
437,272,165
438,272,166
439,272,167
440,272,168
441,273,168
442,274,168
443,275,168
444,275,169
445,275,170
446,275,171
447,276,171
448,276,172
449,277,172
450,278,172
451,278,173
452,279,173
453,280,173
454,281,173
455,282,173
456,283,173
457,283,174
458,284,174
459,285,174
460,285,175
461,286,175
462,287,175
463,288,175
464,288,176
465,288,177
466,289,177
467,289,178
468,290,178
469,290,179
470,290,180
471,291,180
472,292,180
473,293,180
474,293,181
475,294,181
476,294,182
477,294,183
478,294,184
479,294,185
480,295,185
481,296,185
482,296,186
483,296,187
484,297,187
485,297,188
486,298,188
487,299,188
488,300,188
489,301,188
490,302,188
491,303,188
492,304,188
493,304,189
494,305,189
495,306,189
496,306,190
497,307,190
498,308,190
499,309,190
500,310,190
