1,0,1
2,1,1
3,2,1
4,2,2
5,2,3
6,3,3
7,4,3
8,4,4
9,4,5
10,5,5
11,6,5
12,7,5
13,7,6
14,7,7
15,7,8
16,8,8
17,9,8
18,9,9
19,10,9
20,11,9
21,12,9
22,13,9
23,13,10
24,13,11
25,13,12
26,13,13
27,13,14
28,14,14
29,14,15
30,14,16
31,15,16
32,15,17
33,16,17
34,16,18
35,17,18
36,17,19
37,18,19
38,18,20
39,19,20
40,20,20
41,21,20
42,22,20
43,23,20
44,24,20
45,25,20
46,26,20
47,26,21
48,27,21
49,27,22
50,27,23
51,28,23
52,28,24
53,28,25
54,28,26
55,28,27
56,28,28
57,28,29
58,29,29
59,30,29
60,30,30
61,31,30
62,32,30
63,32,31
64,32,32
65,32,33
66,33,33
67,33,34
68,34,34
69,35,34
70,36,34
71,36,35
72,36,36
73,36,37
74,36,38
75,37,38
76,38,38
77,39,38
78,39,39
79,39,40
80,40,40
81,41,40
82,42,40
83,43,40
84,44,40
85,44,41
86,44,42
87,44,43
88,45,43
89,46,43
90,46,44
91,46,45
92,46,46
93,46,47
94,47,47
95,48,47
96,49,47
97,50,47
98,51,47
99,52,47
100,53,47
101,54,47
102,55,47
103,56,47
104,56,48
105,56,49
106,57,49
107,58,49
108,58,50
109,59,50
110,60,50
111,60,51
112,61,51
113,61,52
114,62,52
115,62,53
116,63,53
117,63,54
118,63,55
119,63,56
120,64,56
121,64,57
122,64,58
123,64,59
124,64,60
125,65,60
126,66,60
127,67,60
128,68,60
129,69,60
130,70,60
131,70,61
132,71,61
133,72,61
134,73,61
135,74,61
136,75,61
137,76,61
138,76,62
139,77,62
140,77,63
141,77,64
142,77,65
143,78,65
144,79,65
145,79,66
146,80,66
147,81,66
148,81,67
149,82,67
150,82,68
151,83,68
152,83,69
153,84,69
154,84,70
155,85,70
156,85,71
157,85,72
158,85,73
159,85,74
160,86,74
161,87,74
162,87,75
163,88,75
164,88,76
165,89,76
166,90,76
167,90,77
168,91,77
169,91,78
170,92,78
171,92,79
172,92,80
173,92,81
174,93,81
175,93,82
176,94,82
177,94,83
178,94,84
179,95,84
180,95,85
181,95,86
182,95,87
183,96,87
184,97,87
185,97,88
186,97,89
187,98,89
188,98,90
189,98,91
190,98,92
191,98,93
192,98,94
193,99,94
194,100,94
195,100,95
196,100,96
197,101,96
198,101,97
199,102,97
200,102,98
201,103,98
202,104,98
203,105,98
204,106,98
205,106,99
206,106,100
207,107,100
208,108,100
209,109,100
210,110,100
211,110,101
212,111,101
213,111,102
214,112,102
215,113,102
216,114,102
217,114,103
218,114,104
219,115,104
220,115,105
221,116,105
222,117,105
223,117,106
224,118,106
225,119,106
226,119,107
227,120,107
228,121,107
229,122,107
230,122,108
231,122,109
232,123,109
233,124,109
234,125,109
235,125,110
236,126,110
237,126,111
238,126,112
239,126,113
240,126,114
241,126,115
242,127,115
243,127,116
244,128,116
245,128,117
246,128,118
247,129,118
248,130,118
249,131,118
250,131,119
251,132,119
252,132,120
253,132,121
254,133,121
255,134,121
256,134,122
257,135,122
258,135,123
259,136,123
260,136,124
261,137,124
262,137,125
263,138,125
264,139,125
265,139,126
266,139,127
267,139,128
268,140,128
269,141,128
270,142,128
271,142,129
272,143,129
273,144,129
274,144,130
275,144,131
276,145,131
277,146,131
278,147,131
279,147,132
280,147,133
281,147,134
282,148,134
283,148,135
284,149,135
285,149,136
286,150,136
287,151,136
288,151,137
289,151,138
290,151,139
291,151,140
292,152,140
293,153,140
294,154,140
295,155,140
296,155,141
297,155,142
298,155,143
299,155,144
300,156,144
301,157,144
302,158,144
303,158,145
304,159,145
305,159,146
306,160,146
307,160,147
308,160,148
309,161,148
310,162,148
311,162,149
312,162,150
313,162,151
314,162,152
315,162,153
316,162,154
317,163,154
318,163,155
319,163,156
320,163,157
321,164,157
322,165,157
323,165,158
324,166,158
325,167,158
326,168,158
327,168,159
328,169,159
329,170,159
330,170,160
331,171,160
332,171,161
333,172,161
334,172,162
335,172,163
336,173,163
337,173,164
338,174,164
339,174,165
340,174,166
341,174,167
342,175,167
343,175,168
344,176,168
345,176,169
346,177,169
347,177,170
348,177,171
349,177,172
350,178,172
351,179,172
352,179,173
353,179,174
354,179,175
355,180,175
356,181,175
357,181,176
358,182,176
359,183,176
360,183,177
361,184,177
362,185,177
363,185,178
364,185,179
365,185,180
366,185,181
367,186,181
368,186,182
369,187,182
370,187,183
371,188,183
372,189,183
373,190,183
374,191,183
375,192,183
376,192,184
377,192,185
378,192,186
379,193,186
380,194,186
381,194,187
382,195,187
383,196,187
384,197,187
385,197,188
386,198,188
387,198,189
388,198,190
389,199,190
390,199,191
391,199,192
392,199,193
393,200,193
394,200,194
395,200,195
396,200,196
397,200,197
398,201,197
399,201,198
400,202,198
401,203,198
402,203,199
403,204,199
404,205,199
405,206,199
406,207,199
407,208,199
408,208,200
409,209,200
410,209,201
411,209,202
412,210,202
413,210,203
414,210,204
415,210,205
416,211,205
417,212,205
418,212,206
419,212,207
420,212,208
421,212,209
422,212,210
423,212,211
424,213,211
425,214,211
426,214,212
427,215,212
428,216,212
429,216,213
430,216,214
431,216,215
432,217,215
433,217,216
434,217,217
435,218,217
436,219,217
437,220,217
438,221,217
439,221,218
440,221,219
441,221,220
442,222,220
443,223,220
444,224,220
445,224,221
446,225,221
447,226,221
448,226,222
449,227,222
450,227,223
451,227,224
452,228,224
453,229,224
454,229,225
455,230,225
456,231,225
457,232,225
458,232,226
459,233,226
460,233,227
461,233,228
462,233,229
463,234,229
464,235,229
465,235,230
466,235,231
467,235,232
468,235,233
469,235,234
470,236,234
471,236,235
472,236,236
473,237,236
474,237,237
475,238,237
476,239,237
477,240,237
478,240,238
479,240,239
480,241,239
481,242,239
482,243,239
483,244,239
484,244,240
485,244,241
486,244,242
487,245,242
488,246,242
489,246,243
490,246,244
491,246,245
492,246,246
493,246,247
494,246,248
495,247,248
496,247,249
497,248,249
498,249,249
499,250,249
500,251,249
