1,0,1
2,1,1
3,2,1
4,2,2
5,2,3
6,3,3
7,4,3
8,4,4
9,4,5
10,4,6
11,5,6
12,6,6
13,7,6
14,7,7
15,7,8
16,8,8
17,9,8
18,9,9
19,10,9
20,11,9
21,11,10
22,11,11
23,11,12
24,11,13
25,12,13
26,13,13
27,13,14
28,13,15
29,14,15
30,14,16
31,14,17
32,15,17
33,16,17
34,17,17
35,18,17
36,19,17
37,19,18
38,19,19
39,20,19
40,20,20
41,20,21
42,20,22
43,21,22
44,21,23
45,22,23
46,23,23
47,24,23
48,24,24
49,25,24
50,25,25
51,26,25
52,26,26
53,26,27
54,27,27
55,28,27
56,28,28
57,29,28
58,30,28
59,31,28
60,32,28
61,32,29
62,32,30
63,32,31
64,33,31
65,34,31
66,35,31
67,36,31
68,37,31
69,38,31
70,39,31
71,40,31
72,40,32
73,40,33
74,41,33
75,42,33
76,42,34
77,43,34
78,44,34
79,44,35
80,45,35
81,46,35
82,46,36
83,47,36
84,47,37
85,47,38
86,48,38
87,49,38
88,50,38
89,51,38
90,52,38
91,52,39
92,53,39
93,54,39
94,54,40
95,54,41
96,54,42
97,54,43
98,55,43
99,55,44
100,55,45
101,56,45
102,57,45
103,57,46
104,58,46
105,58,47
106,59,47
107,59,48
108,59,49
109,60,49
110,60,50
111,61,50
112,61,51
113,61,52
114,62,52
115,63,52
116,64,52
117,65,52
118,65,53
119,65,54
120,66,54
121,67,54
122,68,54
123,68,55
124,69,55
125,69,56
126,69,57
127,70,57
128,71,57
129,72,57
130,72,58
131,73,58
132,74,58
133,74,59
134,74,60
135,74,61
136,75,61
137,75,62
138,76,62
139,76,63
140,76,64
141,76,65
142,77,65
143,78,65
144,78,66
145,79,66
146,80,66
147,80,67
148,80,68
149,80,69
150,81,69
151,81,70
152,82,70
153,83,70
154,84,70
155,85,70
156,86,70
157,86,71
158,87,71
159,87,72
160,88,72
161,88,73
162,89,73
163,90,73
164,90,74
165,91,74
166,92,74
167,92,75
168,92,76
169,92,77
170,92,78
171,92,79
172,93,79
173,94,79
174,94,80
175,95,80
176,95,81
177,95,82
178,96,82
179,97,82
180,98,82
181,99,82
182,99,83
183,99,84
184,99,85
185,100,85
186,101,85
187,101,86
188,102,86
189,102,87
190,102,88
191,102,89
192,103,89
193,104,89
194,104,90
195,105,90
196,106,90
197,107,90
198,108,90
199,108,91
200,108,92
201,109,92
202,109,93
203,110,93
204,110,94
205,111,94
206,112,94
207,113,94
208,114,94
209,114,95
210,114,96
211,115,96
212,115,97
213,115,98
214,115,99
215,116,99
216,116,100
217,116,101
218,116,102
219,117,102
220,118,102
221,119,102
222,120,102
223,120,103
224,121,103
225,122,103
226,122,104
227,123,104
228,124,104
229,125,104
230,125,105
231,125,106
232,126,106
233,127,106
234,128,106
235,129,106
236,129,107
237,129,108
238,130,108
239,130,109
240,131,109
241,131,110
242,132,110
243,132,111
244,133,111
245,133,112
246,133,113
247,134,113
248,135,113
249,135,114
250,136,114
251,136,115
252,136,116
253,136,117
254,136,118
255,136,119
256,136,120
257,137,120
258,137,121
259,138,121
260,138,122
261,138,123
262,139,123
263,139,124
264,139,125
265,140,125
266,141,125
267,141,126
268,142,126
269,142,127
270,143,127
271,144,127
272,144,128
273,145,128
274,146,128
275,146,129
276,146,130
277,147,130
278,148,130
279,149,130
280,149,131
281,149,132
282,150,132
283,151,132
284,151,133
285,152,133
286,153,133
287,154,133
288,155,133
289,156,133
290,157,133
291,157,134
292,158,134
293,158,135
294,158,136
295,158,137
296,159,137
297,159,138
298,160,138
299,161,138
300,161,139
301,162,139
302,162,140
303,162,141
304,163,141
305,163,142
306,163,143
307,164,143
308,165,143
309,165,144
310,166,144
311,167,144
312,167,145
313,167,146
314,167,147
315,167,148
316,168,148
317,169,148
318,170,148
319,171,148
320,172,148
321,172,149
322,172,150
323,173,150
324,173,151
325,173,152
326,174,152
327,175,152
328,176,152
329,177,152
330,177,153
331,178,153
332,178,154
333,179,154
334,179,155
335,179,156
336,180,156
337,181,156
338,181,157
339,181,158
340,182,158
341,183,158
342,183,159
343,183,160
344,183,161
345,184,161
346,185,161
347,186,161
348,186,162
349,186,163
350,186,164
351,187,164
352,187,165
353,187,166
354,187,167
355,187,168
356,188,168
357,188,169
358,189,169
359,190,169
360,190,170
361,191,170
362,192,170
363,193,170
364,193,171
365,194,171
366,194,172
367,195,172
368,196,172
369,197,172
370,198,172
371,198,173
372,199,173
373,199,174
374,200,174
375,201,174
376,201,175
377,201,176
378,201,177
379,202,177
380,202,178
381,202,179
382,203,179
383,204,179
384,204,180
385,205,180
386,206,180
387,207,180
388,207,181
389,207,182
390,207,183
391,208,183
392,209,183
393,210,183
394,211,183
395,212,183
396,213,183
397,213,184
398,213,185
399,213,186
400,213,187
401,214,187
402,215,187
403,216,187
404,217,187
405,217,188
406,218,188
407,218,189
408,219,189
409,219,190
410,219,191
411,220,191
412,221,191
413,221,192
414,221,193
415,222,193
416,222,194
417,223,194
418,224,194
419,224,195
420,225,195
421,226,195
422,226,196
423,226,197
424,226,198
425,227,198
426,227,199
427,228,199
428,229,199
429,230,199
430,231,199
431,231,200
432,231,201
433,231,202
434,232,202
435,233,202
436,234,202
437,235,202
438,236,202
439,237,202
440,238,202
441,239,202
442,239,203
443,239,204
444,240,204
445,240,205
446,241,205
447,241,206
448,242,206
449,243,206
450,244,206
451,244,207
452,245,207
453,245,208
454,245,209
455,245,210
456,246,210
457,247,210
458,248,210
459,248,211
460,249,211
461,249,212
462,250,212
463,250,213
464,250,214
465,251,214
466,251,215
467,251,216
468,251,217
469,252,217
470,253,217
471,254,217
472,254,218
473,255,218
474,255,219
475,256,219
476,257,219
477,257,220
478,258,220
479,259,220
480,260,220
481,261,220
482,261,221
483,261,222
484,262,222
485,263,222
486,263,223
487,264,223
488,265,223
489,265,224
490,266,224
491,267,224
492,268,224
493,269,224
494,270,224
495,270,225
496,271,225
497,271,226
498,271,227
499,272,227
500,273,227
