1,0,1
2,1,1
3,2,1
4,3,1
5,4,1
6,4,2
7,5,2
8,6,2
9,7,2
10,8,2
11,9,2
12,10,2
13,11,2
14,11,3
15,12,3
16,12,4
17,12,5
18,13,5
19,13,6
20,13,7
21,13,8
22,13,9
23,14,9
24,14,10
25,14,11
26,14,12
27,15,12
28,15,13
29,16,13
30,17,13
31,18,13
32,18,14
33,19,14
34,19,15
35,19,16
36,20,16
37,21,16
38,22,16
39,23,16
40,24,16
41,25,16
42,25,17
43,26,17
44,27,17
45,28,17
46,29,17
47,30,17
48,30,18
49,30,19
50,30,20
51,31,20
52,31,21
53,32,21
54,32,22
55,32,23
56,33,23
57,34,23
58,34,24
59,35,24
60,36,24
61,37,24
62,38,24
63,38,25
64,38,26
65,39,26
66,39,27
67,39,28
68,39,29
69,40,29
70,40,30
71,40,31
72,41,31
73,42,31
74,42,32
75,43,32
76,44,32
77,44,33
78,44,34
79,44,35
80,45,35
81,46,35
82,47,35
83,48,35
84,49,35
85,50,35
86,50,36
87,50,37
88,51,37
89,51,38
90,51,39
91,51,40
92,52,40
93,53,40
94,54,40
95,55,40
96,56,40
97,57,40
98,58,40
99,58,41
100,58,42
101,58,43
102,59,43
103,60,43
104,60,44
105,61,44
106,62,44
107,63,44
108,64,44
109,64,45
110,65,45
111,65,46
112,65,47
113,65,48
114,66,48
115,67,48
116,68,48
117,69,48
118,69,49
119,69,50
120,69,51
121,69,52
122,69,53
123,69,54
124,69,55
125,70,55
126,71,55
127,72,55
128,73,55
129,74,55
130,75,55
131,75,56
132,76,56
133,76,57
134,76,58
135,76,59
136,77,59
137,77,60
138,78,60
139,79,60
140,79,61
141,79,62
142,80,62
143,81,62
144,81,63
145,81,64
146,82,64
147,83,64
148,84,64
149,84,65
150,85,65
151,85,66
152,85,67
153,86,67
154,87,67
155,87,68
156,88,68
157,89,68
158,89,69
159,90,69
160,91,69
161,91,70
162,92,70
163,92,71
164,92,72
165,92,73
166,93,73
167,94,73
168,94,74
169,95,74
170,96,74
171,97,74
172,97,75
173,98,75
174,99,75
175,99,76
176,99,77
177,100,77
178,100,78
179,100,79
180,101,79
181,102,79
182,103,79
183,104,79
184,105,79
185,106,79
186,107,79
187,107,80
188,108,80
189,109,80
190,110,80
191,110,81
192,111,81
193,112,81
194,112,82
195,112,83
196,113,83
197,114,83
198,115,83
199,116,83
200,116,84
201,116,85
202,117,85
203,117,86
204,118,86
205,119,86
206,119,87
207,120,87
208,120,88
209,120,89
210,120,90
211,121,90
212,122,90
213,123,90
214,123,91
215,123,92
216,123,93
217,124,93
218,124,94
219,124,95
220,124,96
221,124,97
222,124,98
223,125,98
224,126,98
225,126,99
226,126,100
227,127,100
228,128,100
229,129,100
230,130,100
231,131,100
232,131,101
233,131,102
234,132,102
235,132,103
236,133,103
237,133,104
238,134,104
239,135,104
240,135,105
241,135,106
242,135,107
243,136,107
244,137,107
245,138,107
246,138,108
247,138,109
248,139,109
249,139,110
250,139,111
251,140,111
252,141,111
253,142,111
254,143,111
255,143,112
256,143,113
257,144,113
258,145,113
259,145,114
260,146,114
261,147,114
262,147,115
263,148,115
264,148,116
265,149,116
266,149,117
267,150,117
268,150,118
269,151,118
270,152,118
271,153,118
272,153,119
273,154,119
274,154,120
275,155,120
276,155,121
277,155,122
278,155,123
279,155,124
280,155,125
281,156,125
282,157,125
283,157,126
284,158,126
285,159,126
286,159,127
287,159,128
288,160,128
289,160,129
290,161,129
291,162,129
292,162,130
293,163,130
294,164,130
295,165,130
296,166,130
297,166,131
298,167,131
299,167,132
300,168,132
301,169,132
302,169,133
303,170,133
304,171,133
305,172,133
306,173,133
307,174,133
308,174,134
309,174,135
310,174,136
311,175,136
312,175,137
313,176,137
314,176,138
315,177,138
316,178,138
317,179,138
318,179,139
319,179,140
320,180,140
321,180,141
322,180,142
323,180,143
324,181,143
325,182,143
326,182,144
327,183,144
328,183,145
329,184,145
330,185,145
331,186,145
332,187,145
333,187,146
334,187,147
335,187,148
336,188,148
337,188,149
338,189,149
339,190,149
340,191,149
341,192,149
342,192,150
343,193,150
344,193,151
345,194,151
346,195,151
347,195,152
348,196,152
349,197,152
350,197,153
351,198,153
352,199,153
353,200,153
354,201,153
355,202,153
356,202,154
357,202,155
358,202,156
359,203,156
360,204,156
361,204,157
362,205,157
363,205,158
364,205,159
365,206,159
366,207,159
367,207,160
368,208,160
369,209,160
370,209,161
371,209,162
372,209,163
373,209,164
374,209,165
375,210,165
376,211,165
377,212,165
378,213,165
379,213,166
380,213,167
381,213,168
382,213,169
383,213,170
384,214,170
385,215,170
386,216,170
387,217,170
388,218,170
389,218,171
390,219,171
391,219,172
392,220,172
393,220,173
394,221,173
395,222,173
396,222,174
397,222,175
398,223,175
399,223,176
400,223,177
401,224,177
402,224,178
403,225,178
404,225,179
405,226,179
406,227,179
407,228,179
408,228,180
409,229,180
410,230,180
411,230,181
412,230,182
413,231,182
414,232,182
415,233,182
416,233,183
417,234,183
418,235,183
419,236,183
420,237,183
421,238,183
422,239,183
423,239,184
424,239,185
425,240,185
426,241,185
427,242,185
428,242,186
429,243,186
430,244,186
431,244,187
432,244,188
433,245,188
434,246,188
435,246,189
436,246,190
437,246,191
438,247,191
439,248,191
440,249,191
441,249,192
442,249,193
443,250,193
444,251,193
445,252,193
446,252,194
447,253,194
448,253,195
449,254,195
450,255,195
451,255,196
452,256,196
453,256,197
454,256,198
455,257,198
456,258,198
457,258,199
458,259,199
459,259,200
460,259,201
461,260,201
462,261,201
463,262,201
464,262,202
465,263,202
466,263,203
467,263,204
468,264,204
469,264,205
470,264,206
471,264,207
472,264,208
473,265,208
474,265,209
475,265,210
476,266,210
477,267,210
478,267,211
479,268,211
480,269,211
481,269,212
482,270,212
483,271,212
484,272,212
485,273,212
486,274,212
487,275,212
488,276,212
489,276,213
490,276,214
491,277,214
492,278,214
493,279,214
494,280,214
495,280,215
496,281,215
497,282,215
498,282,216
499,282,217
500,282,218
