1,1,0
2,2,0
3,2,1
4,2,2
5,3,2
6,4,2
7,5,2
8,6,2
9,7,2
10,8,2
11,8,3
12,8,4
13,8,5
14,8,6
15,9,6
16,9,7
17,10,7
18,11,7
19,12,7
20,13,7
21,14,7
22,14,8
23,14,9
24,14,10
25,14,11
26,14,12
27,14,13
28,14,14
29,15,14
30,15,15
31,16,15
32,16,16
33,17,16
34,18,16
35,19,16
36,19,17
37,20,17
38,21,17
39,22,17
40,23,17
41,24,17
42,24,18
43,25,18
44,25,19
45,25,20
46,26,20
47,26,21
48,26,22
49,27,22
50,27,23
51,27,24
52,27,25
53,27,26
54,27,27
55,27,28
56,27,29
57,27,30
58,27,31
59,28,31
60,28,32
61,28,33
62,28,34
63,28,35
64,29,35
65,29,36
66,29,37
67,30,37
68,30,38
69,30,39
70,31,39
71,32,39
72,33,39
73,34,39
74,34,40
75,35,40
76,35,41
77,35,42
78,35,43
79,36,43
80,37,43
81,37,44
82,38,44
83,39,44
84,40,44
85,41,44
86,42,44
87,43,44
88,43,45
89,44,45
90,45,45
91,46,45
92,47,45
93,47,46
94,48,46
95,48,47
96,49,47
97,50,47
98,50,48
99,50,49
100,50,50
101,50,51
102,50,52
103,50,53
104,50,54
105,50,55
106,51,55
107,52,55
108,52,56
109,52,57
110,52,58
111,52,59
112,53,59
113,54,59
114,55,59
115,56,59
116,57,59
117,58,59
118,59,59
119,59,60
120,60,60
121,60,61
122,61,61
123,61,62
124,61,63
125,61,64
126,61,65
127,62,65
128,62,66
129,62,67
130,63,67
131,63,68
132,63,69
133,63,70
134,63,71
135,64,71
136,64,72
137,64,73
138,65,73
139,66,73
140,67,73
141,68,73
142,68,74
143,68,75
144,68,76
145,68,77
146,69,77
147,70,77
148,71,77
149,71,78
150,71,79
151,72,79
152,73,79
153,74,79
154,75,79
155,76,79
156,76,80
157,76,81
158,76,82
159,76,83
160,77,83
161,78,83
162,78,84
163,78,85
164,78,86
165,78,87
166,79,87
167,80,87
168,81,87
169,81,88
170,82,88
171,82,89
172,82,90
173,82,91
174,83,91
175,83,92
176,83,93
177,84,93
178,85,93
179,86,93
180,87,93
181,87,94
182,88,94
183,89,94
184,89,95
185,90,95
186,90,96
187,90,97
188,90,98
189,91,98
190,91,99
191,92,99
192,92,100
193,92,101
194,93,101
195,94,101
196,95,101
197,95,102
198,96,102
199,97,102
200,97,103
201,98,103
202,99,103
203,100,103
204,101,103
205,102,103
206,102,104
207,102,105
208,102,106
209,103,106
210,103,107
211,103,108
212,103,109
213,104,109
214,104,110
215,105,110
216,106,110
217,107,110
218,107,111
219,107,112
220,108,112
221,108,113
222,108,114
223,109,114
224,109,115
225,110,115
226,110,116
227,111,116
228,111,117
229,112,117
230,112,118
231,113,118
232,114,118
233,114,119
234,115,119
235,115,120
236,115,121
237,115,122
238,116,122
239,116,123
240,117,123
241,117,124
242,118,124
243,118,125
244,118,126
245,119,126
246,119,127
247,119,128
248,120,128
249,121,128
250,121,129
251,122,129
252,122,130
253,123,130
254,123,131
255,123,132
256,124,132
257,124,133
258,124,134
259,124,135
260,124,136
261,125,136
262,125,137
263,126,137
264,127,137
265,128,137
266,129,137
267,130,137
268,131,137
269,132,137
270,133,137
271,134,137
272,135,137
273,136,137
274,136,138
275,137,138
276,137,139
277,138,139
278,138,140
279,138,141
280,139,141
281,139,142
282,139,143
283,139,144
284,139,145
285,140,145
286,140,146
287,141,146
288,141,147
289,141,148
290,141,149
291,142,149
292,143,149
293,143,150
294,144,150
295,144,151
296,145,151
297,145,152
298,146,152
299,146,153
300,147,153
301,147,154
302,148,154
303,149,154
304,150,154
305,151,154
306,151,155
307,152,155
308,152,156
309,153,156
310,154,156
311,155,156
312,156,156
313,157,156
314,158,156
315,158,157
316,158,158
317,158,159
318,158,160
319,158,161
320,159,161
321,159,162
322,159,163
323,159,164
324,159,165
325,160,165
326,160,166
327,160,167
328,161,167
329,161,168
330,162,168
331,162,169
332,163,169
333,163,170
334,164,170
335,164,171
336,164,172
337,164,173
338,164,174
339,165,174
340,166,174
341,166,175
342,167,175
343,167,176
344,167,177
345,168,177
346,168,178
347,169,178
348,169,179
349,170,179
350,170,180
351,170,181
352,170,182
353,171,182
354,171,183
355,171,184
356,171,185
357,172,185
358,172,186
359,173,186
360,174,186
361,175,186
362,175,187
363,176,187
364,176,188
365,177,188
366,177,189
367,177,190
368,178,190
369,178,191
370,179,191
371,180,191
372,181,191
373,181,192
374,181,193
375,181,194
376,181,195
377,182,195
378,183,195
379,183,196
380,184,196
381,185,196
382,185,197
383,185,198
384,185,199
385,186,199
386,186,200
387,187,200
388,188,200
389,189,200
390,189,201
391,190,201
392,191,201
393,192,201
394,192,202
395,192,203
396,192,204
397,192,205
398,192,206
399,192,207
400,193,207
401,194,207
402,194,208
403,195,208
404,196,208
405,197,208
406,197,209
407,198,209
408,199,209
409,200,209
410,200,210
411,201,210
412,202,210
413,202,211
414,202,212
415,202,213
416,203,213
417,203,214
418,203,215
419,204,215
420,205,215
421,205,216
422,206,216
423,206,217
424,206,218
425,207,218
426,208,218
427,209,218
428,210,218
429,211,218
430,211,219
431,211,220
432,212,220
433,212,221
434,212,222
435,212,223
436,213,223
437,213,224
438,214,224
439,215,224
440,215,225
441,216,225
442,216,226
443,217,226
444,218,226
445,218,227
446,219,227
447,220,227
448,221,227
449,222,227
450,222,228
451,222,229
452,222,230
453,223,230
454,223,231
455,224,231
456,225,231
457,225,232
458,225,233
459,226,233
460,227,233
461,227,234
462,227,235
463,227,236
464,227,237
465,228,237
466,229,237
467,229,238
468,229,239
469,230,239
470,231,239
471,231,240
472,232,240
473,233,240
474,234,240
475,235,240
476,235,241
477,236,241
478,237,241
479,237,242
480,237,243
481,237,244
482,237,245
483,238,245
484,239,245
485,240,245
486,240,246
487,240,247
488,241,247
489,241,248
490,241,249
491,242,249
492,242,250
493,243,250
494,243,251
495,243,252
496,243,253
497,243,254
498,243,255
499,243,256
500,243,257
