1,1,0
2,2,0
3,3,0
4,4,0
5,5,0
6,6,0
7,6,1
8,7,1
9,7,2
10,8,2
11,9,2
12,9,3
13,10,3
14,10,4
15,11,4
16,12,4
17,13,4
18,14,4
19,14,5
20,14,6
21,15,6
22,16,6
23,16,7
24,17,7
25,18,7
26,18,8
27,19,8
28,20,8
29,21,8
30,22,8
31,23,8
32,24,8
33,25,8
34,26,8
35,27,8
36,27,9
37,27,10
38,27,11
39,28,11
40,29,11
41,29,12
42,29,13
43,29,14
44,30,14
45,31,14
46,31,15
47,31,16
48,32,16
49,32,17
50,33,17
51,34,17
52,35,17
53,36,17
54,37,17
55,37,18
56,37,19
57,38,19
58,38,20
59,39,20
60,40,20
61,40,21
62,40,22
63,40,23
64,40,24
65,40,25
66,40,26
67,41,26
68,41,27
69,41,28
70,42,28
71,43,28
72,43,29
73,44,29
74,44,30
75,44,31
76,45,31
77,46,31
78,47,31
79,48,31
80,49,31
81,50,31
82,51,31
83,52,31
84,53,31
85,54,31
86,54,32
87,55,32
88,56,32
89,56,33
90,56,34
91,57,34
92,58,34
93,58,35
94,59,35
95,60,35
96,61,35
97,62,35
98,62,36
99,62,37
100,62,38
101,62,39
102,63,39
103,64,39
104,65,39
105,66,39
106,66,40
107,66,41
108,66,42
109,67,42
110,67,43
111,68,43
112,68,44
113,69,44
114,70,44
115,71,44
116,72,44
117,72,45
118,73,45
119,74,45
120,75,45
121,76,45
122,76,46
123,77,46
124,77,47
125,78,47
126,78,48
127,78,49
128,78,50
129,79,50
130,80,50
131,80,51
132,80,52
133,80,53
134,81,53
135,81,54
136,82,54
137,83,54
138,83,55
139,84,55
140,85,55
141,86,55
142,87,55
143,87,56
144,88,56
145,88,57
146,89,57
147,90,57
148,91,57
149,92,57
150,93,57
151,93,58
152,93,59
153,94,59
154,95,59
155,96,59
156,97,59
157,98,59
158,99,59
159,100,59
160,100,60
161,100,61
162,101,61
163,102,61
164,103,61
165,103,62
166,103,63
167,103,64
168,104,64
169,104,65
170,105,65
171,106,65
172,107,65
173,108,65
174,109,65
175,110,65
176,110,66
177,110,67
178,111,67
179,111,68
180,112,68
181,113,68
182,114,68
183,115,68
184,116,68
185,116,69
186,116,70
187,117,70
188,118,70
189,119,70
190,120,70
191,121,70
192,121,71
193,121,72
194,121,73
195,121,74
196,122,74
197,122,75
198,123,75
199,124,75
200,125,75
201,126,75
202,126,76
203,126,77
204,127,77
205,128,77
206,129,77
207,130,77
208,131,77
209,132,77
210,133,77
211,133,78
212,134,78
213,135,78
214,136,78
215,136,79
216,137,79
217,138,79
218,139,79
219,140,79
220,140,80
221,141,80
222,142,80
223,142,81
224,142,82
225,143,82
226,143,83
227,144,83
228,144,84
229,144,85
230,144,86
231,145,86
232,145,87
233,146,87
234,146,88
235,147,88
236,147,89
237,147,90
238,148,90
239,149,90
240,149,91
241,150,91
242,150,92
243,151,92
244,151,93
245,152,93
246,152,94
247,153,94
248,154,94
249,155,94
250,156,94
251,157,94
252,158,94
253,159,94
254,160,94
255,161,94
256,162,94
257,162,95
258,163,95
259,164,95
260,164,96
261,165,96
262,165,97
263,166,97
264,167,97
265,167,98
266,168,98
267,169,98
268,170,98
269,171,98
270,171,99
271,172,99
272,172,100
273,172,101
274,172,102
275,173,102
276,174,102
277,175,102
278,176,102
279,177,102
280,178,102
281,178,103
282,179,103
283,179,104
284,180,104
285,180,105
286,181,105
287,182,105
288,183,105
289,184,105
290,184,106
291,184,107
292,185,107
293,185,108
294,186,108
295,187,108
296,187,109
297,188,109
298,189,109
299,190,109
300,191,109
301,192,109
302,193,109
303,193,110
304,193,111
305,193,112
306,193,113
307,194,113
308,194,114
309,195,114
310,196,114
311,197,114
312,197,115
313,197,116
314,197,117
315,198,117
316,199,117
317,199,118
318,200,118
319,201,118
320,201,119
321,202,119
322,203,119
323,204,119
324,205,119
325,206,119
326,206,120
327,207,120
328,208,120
329,208,121
330,209,121
331,210,121
332,210,122
333,210,123
334,211,123
335,211,124
336,212,124
337,213,124
338,214,124
339,215,124
340,216,124
341,216,125
342,216,126
343,217,126
344,217,127
345,217,128
346,217,129
347,218,129
348,219,129
349,219,130
350,220,130
351,220,131
352,221,131
353,222,131
354,223,131
355,224,131
356,225,131
357,225,132
358,226,132
359,227,132
360,227,133
361,228,133
362,229,133
363,230,133
364,230,134
365,231,134
366,231,135
367,232,135
368,233,135
369,233,136
370,233,137
371,234,137
372,235,137
373,236,137
374,237,137
375,238,137
376,239,137
377,240,137
378,241,137
379,241,138
380,242,138
381,242,139
382,242,140
383,242,141
384,242,142
385,242,143
386,243,143
387,244,143
388,245,143
389,245,144
390,246,144
391,246,145
392,246,146
393,246,147
394,247,147
395,248,147
396,249,147
397,250,147
398,250,148
399,250,149
400,251,149
401,251,150
402,252,150
403,253,150
404,254,150
405,254,151
406,255,151
407,256,151
408,257,151
409,257,152
410,258,152
411,259,152
412,260,152
413,260,153
414,261,153
415,262,153
416,263,153
417,264,153
418,265,153
419,266,153
420,267,153
421,267,154
422,268,154
423,269,154
424,269,155
425,270,155
426,270,156
427,271,156
428,271,157
429,271,158
430,272,158
431,272,159
432,272,160
433,273,160
434,274,160
435,275,160
436,276,160
437,277,160
438,278,160
439,279,160
440,279,161
441,280,161
442,281,161
443,282,161
444,283,161
445,284,161
446,284,162
447,285,162
448,286,162
449,286,163
450,287,163
451,287,164
452,288,164
453,289,164
454,290,164
455,291,164
456,292,164
457,293,164
458,293,165
459,294,165
460,295,165
461,296,165
462,297,165
463,298,165
464,299,165
465,299,166
466,300,166
467,301,166
468,301,167
469,302,167
470,302,168
471,302,169
472,302,170
473,303,170
474,303,171
475,303,172
476,303,173
477,304,173
478,304,174
479,304,175
480,304,176
481,304,177
482,305,177
483,306,177
484,307,177
485,307,178
486,308,178
487,309,178
488,310,178
489,310,179
490,311,179
491,312,179
492,313,179
493,313,180
494,313,181
495,314,181
496,315,181
497,316,181
498,317,181
499,318,181
500,319,181
