1,1,0
2,2,0
3,3,0
4,4,0
5,4,1
6,4,2
7,5,2
8,6,2
9,7,2
10,8,2
11,9,2
12,10,2
13,11,2
14,12,2
15,13,2
16,13,3
17,13,4
18,14,4
19,15,4
20,16,4
21,17,4
22,17,5
23,18,5
24,19,5
25,20,5
26,20,6
27,20,7
28,21,7
29,21,8
30,22,8
31,22,9
32,23,9
33,24,9
34,25,9
35,26,9
36,27,9
37,27,10
38,27,11
39,28,11
40,28,12
41,29,12
42,30,12
43,30,13
44,31,13
45,32,13
46,32,14
47,32,15
48,33,15
49,34,15
50,35,15
51,36,15
52,36,16
53,36,17
54,37,17
55,37,18
56,37,19
57,38,19
58,39,19
59,40,19
60,40,20
61,41,20
62,42,20
63,42,21
64,43,21
65,44,21
66,44,22
67,45,22
68,46,22
69,47,22
70,47,23
71,48,23
72,49,23
73,49,24
74,50,24
75,50,25
76,51,25
77,52,25
78,52,26
79,52,27
80,53,27
81,53,28
82,54,28
83,55,28
84,56,28
85,57,28
86,57,29
87,57,30
88,58,30
89,59,30
90,60,30
91,61,30
92,62,30
93,63,30
94,64,30
95,64,31
96,65,31
97,66,31
98,67,31
99,68,31
100,68,32
101,69,32
102,69,33
103,70,33
104,71,33
105,71,34
106,72,34
107,73,34
108,73,35
109,73,36
110,74,36
111,75,36
112,75,37
113,76,37
114,77,37
115,77,38
116,77,39
117,78,39
118,79,39
119,80,39
120,81,39
121,81,40
122,82,40
123,82,41
124,83,41
125,84,41
126,85,41
127,85,42
128,86,42
129,86,43
130,87,43
131,88,43
132,89,43
133,90,43
134,91,43
135,91,44
136,91,45
137,91,46
138,91,47
139,92,47
140,93,47
141,93,48
142,93,49
143,94,49
144,95,49
145,96,49
146,97,49
147,98,49
148,99,49
149,100,49
150,101,49
151,102,49
152,102,50
153,103,50
154,103,51
155,104,51
156,104,52
157,105,52
158,106,52
159,107,52
160,107,53
161,107,54
162,108,54
163,108,55
164,109,55
165,109,56
166,110,56
167,111,56
168,112,56
169,113,56
170,114,56
171,115,56
172,116,56
173,117,56
174,118,56
175,118,57
176,118,58
177,119,58
178,120,58
179,120,59
180,120,60
181,120,61
182,121,61
183,122,61
184,123,61
185,124,61
186,124,62
187,125,62
188,125,63
189,126,63
190,127,63
191,128,63
192,128,64
193,129,64
194,130,64
195,131,64
196,132,64
197,132,65
198,133,65
199,134,65
200,135,65
201,136,65
202,136,66
203,137,66
204,138,66
205,139,66
206,139,67
207,139,68
208,139,69
209,140,69
210,141,69
211,141,70
212,142,70
213,143,70
214,144,70
215,145,70
216,145,71
217,146,71
218,146,72
219,147,72
220,147,73
221,147,74
222,148,74
223,149,74
224,149,75
225,150,75
226,151,75
227,152,75
228,152,76
229,152,77
230,153,77
231,154,77
232,155,77
233,155,78
234,156,78
235,157,78
236,157,79
237,158,79
238,159,79
239,160,79
240,161,79
241,162,79
242,163,79
243,164,79
244,164,80
245,165,80
246,166,80
247,167,80
248,167,81
249,168,81
250,169,81
251,170,81
252,170,82
253,171,82
254,172,82
255,173,82
256,174,82
257,174,83
258,174,84
259,175,84
260,176,84
261,177,84
262,178,84
263,178,85
264,179,85
265,180,85
266,181,85
267,181,86
268,182,86
269,183,86
270,184,86
271,184,87
272,185,87
273,186,87
274,186,88
275,186,89
276,187,89
277,188,89
278,189,89
279,190,89
280,190,90
281,191,90
282,192,90
283,193,90
284,194,90
285,195,90
286,195,91
287,195,92
288,196,92
289,197,92
290,197,93
291,198,93
292,198,94
293,199,94
294,200,94
295,201,94
296,201,95
297,202,95
298,203,95
299,203,96
300,204,96
301,205,96
302,206,96
303,206,97
304,207,97
305,208,97
306,208,98
307,208,99
308,209,99
309,209,100
310,210,100
311,211,100
312,212,100
313,213,100
314,214,100
315,215,100
316,215,101
317,216,101
318,217,101
319,217,102
320,218,102
321,218,103
322,218,104
323,219,104
324,220,104
325,220,105
326,221,105
327,222,105
328,223,105
329,223,106
330,224,106
331,225,106
332,225,107
333,226,107
334,226,108
335,227,108
336,228,108
337,229,108
338,229,109
339,230,109
340,231,109
341,232,109
342,233,109
343,234,109
344,235,109
345,235,110
346,236,110
347,236,111
348,236,112
349,237,112
350,238,112
351,239,112
352,240,112
353,240,113
354,241,113
355,242,113
356,242,114
357,242,115
358,243,115
359,244,115
360,245,115
361,246,115
362,247,115
363,248,115
364,249,115
365,250,115
366,251,115
367,252,115
368,252,116
369,252,117
370,253,117
371,254,117
372,255,117
373,256,117
374,257,117
375,258,117
376,258,118
377,259,118
378,259,119
379,259,120
380,260,120
381,261,120
382,262,120
383,262,121
384,263,121
385,264,121
386,264,122
387,265,122
388,265,123
389,265,124
390,266,124
391,266,125
392,267,125
393,268,125
394,269,125
395,270,125
396,270,126
397,271,126
398,271,127
399,271,128
400,271,129
401,272,129
402,272,130
403,273,130
404,273,131
405,274,131
406,275,131
407,275,132
408,275,133
409,276,133
410,276,134
411,276,135
412,277,135
413,278,135
414,279,135
415,280,135
416,280,136
417,281,136
418,282,136
419,282,137
420,282,138
421,283,138
422,284,138
423,285,138
424,286,138
425,287,138
426,288,138
427,288,139
428,289,139
429,290,139
430,291,139
431,291,140
432,292,140
433,293,140
434,294,140
435,294,141
436,294,142
437,295,142
438,295,143
439,296,143
440,297,143
441,298,143
442,299,143
443,300,143
444,301,143
445,302,143
446,303,143
447,303,144
448,304,144
449,305,144
450,306,144
451,307,144
452,307,145
453,308,145
454,308,146
455,309,146
456,310,146
457,310,147
458,310,148
459,311,148
460,312,148
461,313,148
462,314,148
463,314,149
464,314,150
465,314,151
466,315,151
467,315,152
468,316,152
469,317,152
470,317,153
471,318,153
472,318,154
473,319,154
474,320,154
475,321,154
476,321,155
477,321,156
478,321,157
479,322,157
480,323,157
481,324,157
482,325,157
483,326,157
484,326,158
485,327,158
486,328,158
487,328,159
488,329,159
489,329,160
490,330,160
491,331,160
492,332,160
493,332,161
494,333,161
495,333,162
496,334,162
497,334,163
498,335,163
499,336,163
500,337,163
