1,1,0
2,1,1
3,2,1
4,3,1
5,4,1
6,5,1
7,6,1
8,7,1
9,8,1
10,9,1
11,10,1
12,11,1
13,12,1
14,12,2
15,12,3
16,13,3
17,14,3
18,15,3
19,16,3
20,16,4
21,17,4
22,17,5
23,17,6
24,18,6
25,18,7
26,19,7
27,19,8
28,20,8
29,21,8
30,22,8
31,23,8
32,24,8
33,24,9
34,25,9
35,25,10
36,25,11
37,25,12
38,25,13
39,26,13
40,27,13
41,28,13
42,28,14
43,29,14
44,30,14
45,31,14
46,32,14
47,32,15
48,33,15
49,34,15
50,35,15
51,36,15
52,37,15
53,38,15
54,38,16
55,38,17
56,39,17
57,40,17
58,41,17
59,42,17
60,42,18
61,43,18
62,44,18
63,45,18
64,46,18
65,46,19
66,47,19
67,48,19
68,48,20
69,48,21
70,48,22
71,49,22
72,50,22
73,50,23
74,50,24
75,51,24
76,51,25
77,51,26
78,51,27
79,52,27
80,52,28
81,53,28
82,54,28
83,55,28
84,56,28
85,57,28
86,57,29
87,58,29
88,59,29
89,60,29
90,60,30
91,60,31
92,61,31
93,62,31
94,63,31
95,64,31
96,65,31
97,66,31
98,67,31
99,68,31
100,69,31
101,69,32
102,69,33
103,70,33
104,70,34
105,71,34
106,72,34
107,72,35
108,72,36
109,73,36
110,74,36
111,74,37
112,75,37
113,75,38
114,75,39
115,76,39
116,77,39
117,78,39
118,78,40
119,78,41
120,79,41
121,80,41
122,80,42
123,81,42
124,81,43
125,82,43
126,82,44
127,82,45
128,82,46
129,83,46
130,84,46
131,85,46
132,86,46
133,87,46
134,87,47
135,88,47
136,88,48
137,88,49
138,89,49
139,90,49
140,90,50
141,90,51
142,91,51
143,92,51
144,92,52
145,93,52
146,94,52
147,95,52
148,96,52
149,97,52
150,97,53
151,98,53
152,99,53
153,99,54
154,100,54
155,101,54
156,102,54
157,103,54
158,103,55
159,104,55
160,105,55
161,106,55
162,106,56
163,107,56
164,108,56
165,108,57
166,109,57
167,110,57
168,111,57
169,111,58
170,111,59
171,111,60
172,112,60
173,113,60
174,114,60
175,115,60
176,116,60
177,116,61
178,116,62
179,117,62
180,117,63
181,118,63
182,118,64
183,119,64
184,120,64
185,121,64
186,122,64
187,123,64
188,123,65
189,124,65
190,124,66
191,125,66
192,126,66
193,126,67
194,127,67
195,127,68
196,128,68
197,129,68
198,130,68
199,131,68
200,131,69
201,132,69
202,132,70
203,133,70
204,134,70
205,135,70
206,136,70
207,137,70
208,137,71
209,138,71
210,138,72
211,138,73
212,139,73
213,140,73
214,140,74
215,141,74
216,142,74
217,143,74
218,144,74
219,145,74
220,145,75
221,145,76
222,145,77
223,146,77
224,147,77
225,148,77
226,148,78
227,149,78
228,150,78
229,151,78
230,151,79
231,151,80
232,151,81
233,152,81
234,152,82
235,153,82
236,154,82
237,155,82
238,156,82
239,157,82
240,158,82
241,159,82
242,160,82
243,161,82
244,161,83
245,162,83
246,163,83
247,164,83
248,164,84
249,164,85
250,165,85
251,165,86
252,166,86
253,167,86
254,167,87
255,168,87
256,168,88
257,169,88
258,169,89
259,170,89
260,171,89
261,172,89
262,173,89
263,173,90
264,174,90
265,174,91
266,174,92
267,175,92
268,176,92
269,177,92
270,178,92
271,178,93
272,178,94
273,178,95
274,179,95
275,180,95
276,181,95
277,182,95
278,183,95
279,183,96
280,184,96
281,184,97
282,185,97
283,186,97
284,187,97
285,188,97
286,189,97
287,189,98
288,190,98
289,191,98
290,192,98
291,192,99
292,193,99
293,194,99
294,194,100
295,195,100
296,195,101
297,195,102
298,195,103
299,196,103
300,196,104
301,197,104
302,198,104
303,198,105
304,199,105
305,200,105
306,201,105
307,202,105
308,203,105
309,203,106
310,203,107
311,204,107
312,205,107
313,206,107
314,206,108
315,206,109
316,207,109
317,208,109
318,209,109
319,210,109
320,210,110
321,211,110
322,212,110
323,213,110
324,213,111
325,213,112
326,214,112
327,215,112
328,215,113
329,216,113
330,217,113
331,217,114
332,218,114
333,219,114
334,220,114
335,220,115
336,221,115
337,222,115
338,222,116
339,222,117
340,222,118
341,223,118
342,223,119
343,224,119
344,225,119
345,226,119
346,227,119
347,228,119
348,229,119
349,229,120
350,230,120
351,231,120
352,232,120
353,233,120
354,233,121
355,233,122
356,234,122
357,235,122
358,236,122
359,237,122
360,238,122
361,239,122
362,239,123
363,240,123
364,241,123
365,241,124
366,241,125
367,242,125
368,243,125
369,244,125
370,245,125
371,245,126
372,246,126
373,247,126
374,248,126
375,249,126
376,249,127
377,249,128
378,249,129
379,249,130
380,250,130
381,250,131
382,251,131
383,252,131
384,253,131
385,254,131
386,255,131
387,256,131
388,257,131
389,258,131
390,259,131
391,260,131
392,261,131
393,262,131
394,262,132
395,263,132
396,264,132
397,265,132
398,266,132
399,267,132
400,267,133
401,268,133
402,269,133
403,269,134
404,269,135
405,270,135
406,271,135
407,271,136
408,272,136
409,273,136
410,273,137
411,274,137
412,275,137
413,275,138
414,275,139
415,276,139
416,277,139
417,277,140
418,277,141
419,278,141
420,278,142
421,278,143
422,279,143
423,280,143
424,281,143
425,282,143
426,282,144
427,283,144
428,283,145
429,284,145
430,284,146
431,285,146
432,286,146
433,287,146
434,288,146
435,288,147
436,289,147
437,289,148
438,289,149
439,289,150
440,290,150
441,290,151
442,290,152
443,290,153
444,291,153
445,292,153
446,292,154
447,293,154
448,294,154
449,295,154
450,295,155
451,296,155
452,297,155
453,298,155
454,299,155
455,300,155
456,300,156
457,301,156
458,302,156
459,303,156
460,303,157
461,304,157
462,304,158
463,304,159
464,304,160
465,304,161
466,304,162
467,304,163
468,305,163
469,306,163
470,307,163
471,308,163
472,309,163
473,310,163
474,310,164
475,311,164
476,312,164
477,313,164
478,314,164
479,314,165
480,315,165
481,316,165
482,317,165
483,318,165
484,318,166
485,318,167
486,319,167
487,320,167
488,321,167
489,321,168
490,322,168
491,322,169
492,323,169
493,324,169
494,325,169
495,326,169
496,327,169
497,328,169
498,329,169
499,330,169
500,331,169
