1,0,1
2,0,2
3,0,3
4,1,3
5,2,3
6,3,3
7,3,4
8,3,5
9,3,6
10,3,7
11,3,8
12,3,9
13,3,10
14,3,11
15,3,12
16,3,13
17,3,14
18,3,15
19,3,16
20,3,17
21,3,18
22,3,19
23,3,20
24,4,20
25,5,20
26,5,21
27,5,22
28,5,23
29,6,23
30,7,23
31,8,23
32,9,23
33,9,24
34,9,25
35,9,26
36,10,26
37,10,27
38,10,28
39,11,28
40,11,29
41,11,30
42,12,30
43,12,31
44,12,32
45,13,32
46,13,33
47,14,33
48,14,34
49,14,35
50,15,35
51,16,35
52,17,35
53,18,35
54,19,35
55,19,36
56,20,36
57,21,36
58,22,36
59,22,37
60,22,38
61,22,39
62,22,40
63,23,40
64,23,41
65,23,42
66,23,43
67,24,43
68,25,43
69,25,44
70,25,45
71,26,45
72,27,45
73,28,45
74,28,46
75,28,47
76,28,48
77,29,48
78,29,49
79,29,50
80,29,51
81,29,52
82,30,52
83,30,53
84,31,53
85,32,53
86,33,53
87,33,54
88,33,55
89,33,56
90,33,57
91,34,57
92,34,58
93,35,58
94,36,58
95,36,59
96,36,60
97,36,61
98,36,62
99,36,63
100,36,64
101,37,64
102,37,65
103,38,65
104,38,66
105,38,67
106,39,67
107,40,67
108,40,68
109,40,69
110,40,70
111,40,71
112,40,72
113,40,73
114,41,73
115,42,73
116,43,73
117,43,74
118,44,74
119,44,75
120,45,75
121,46,75
122,46,76
123,46,77
124,46,78
125,47,78
126,47,79
127,47,80
128,47,81
129,47,82
130,48,82
131,48,83
132,49,83
133,49,84
134,50,84
135,50,85
136,50,86
137,50,87
138,51,87
139,52,87
140,52,88
141,52,89
142,52,90
143,52,91
144,52,92
145,53,92
146,53,93
147,54,93
148,54,94
149,54,95
150,55,95
151,55,96
152,56,96
153,57,96
154,57,97
155,58,97
156,58,98
157,58,99
158,59,99
159,60,99
160,60,100
161,60,101
162,61,101
163,62,101
164,63,101
165,63,102
166,64,102
167,65,102
168,65,103
169,65,104
170,66,104
171,67,104
172,68,104
173,68,105
174,69,105
175,69,106
176,69,107
177,70,107
178,70,108
179,70,109
180,71,109
181,72,109
182,73,109
183,73,110
184,73,111
185,73,112
186,74,112
187,74,113
188,74,114
189,74,115
190,74,116
191,75,116
192,75,117
193,75,118
194,76,118
195,77,118
196,77,119
197,77,120
198,77,121
199,78,121
200,78,122
201,79,122
202,79,123
203,80,123
204,80,124
205,80,125
206,80,126
207,80,127
208,81,127
209,81,128
210,81,129
211,81,130
212,81,131
213,81,132
214,82,132
215,83,132
216,83,133
217,83,134
218,84,134
219,84,135
220,84,136
221,84,137
222,85,137
223,85,138
224,86,138
225,87,138
226,87,139
227,87,140
228,87,141
229,88,141
230,88,142
231,89,142
232,90,142
233,91,142
234,92,142
235,92,143
236,93,143
237,93,144
238,93,145
239,93,146
240,93,147
241,94,147
242,94,148
243,95,148
244,95,149
245,95,150
246,95,151
247,96,151
248,96,152
249,96,153
250,97,153
251,98,153
252,98,154
253,98,155
254,98,156
255,99,156
256,99,157
257,99,158
258,99,159
259,99,160
260,99,161
261,99,162
262,100,162
263,100,163
264,101,163
265,102,163
266,102,164
267,102,165
268,102,166
269,102,167
270,103,167
271,104,167
272,104,168
273,104,169
274,105,169
275,105,170
276,106,170
277,107,170
278,108,170
279,108,171
280,109,171
281,109,172
282,109,173
283,110,173
284,111,173
285,112,173
286,113,173
287,113,174
288,113,175
289,113,176
290,113,177
291,114,177
292,115,177
293,115,178
294,115,179
295,115,180
296,116,180
297,117,180
298,118,180
299,118,181
300,119,181
301,119,182
302,119,183
303,120,183
304,120,184
305,120,185
306,120,186
307,121,186
308,121,187
309,122,187
310,122,188
311,122,189
312,122,190
313,122,191
314,123,191
315,124,191
316,125,191
317,125,192
318,126,192
319,126,193
320,127,193
321,127,194
322,127,195
323,127,196
324,127,197
325,127,198
326,127,199
327,128,199
328,128,200
329,128,201
330,129,201
331,130,201
332,130,202
333,131,202
334,131,203
335,131,204
336,132,204
337,133,204
338,134,204
339,134,205
340,135,205
341,135,206
342,135,207
343,135,208
344,135,209
345,136,209
346,137,209
347,137,210
348,138,210
349,139,210
350,139,211
351,139,212
352,139,213
353,140,213
354,140,214
355,140,215
356,141,215
357,141,216
358,141,217
359,142,217
360,142,218
361,142,219
362,142,220
363,142,221
364,142,222
365,143,222
366,144,222
367,144,223
368,144,224
369,145,224
370,146,224
371,146,225
372,146,226
373,146,227
374,147,227
375,148,227
376,148,228
377,149,228
378,149,229
379,149,230
380,150,230
381,151,230
382,152,230
383,152,231
384,153,231
385,153,232
386,153,233
387,154,233
388,154,234
389,154,235
390,155,235
391,155,236
392,155,237
393,156,237
394,156,238
395,156,239
396,156,240
397,157,240
398,157,241
399,157,242
400,158,242
401,158,243
402,158,244
403,159,244
404,159,245
405,159,246
406,159,247
407,159,248
408,159,249
409,160,249
410,160,250
411,161,250
412,162,250
413,162,251
414,162,252
415,162,253
416,162,254
417,162,255
418,162,256
419,163,256
420,163,257
421,164,257
422,165,257
423,166,257
424,166,258
425,167,258
426,167,259
427,167,260
428,167,261
429,167,262
430,167,263
431,167,264
432,167,265
433,167,266
434,168,266
435,169,266
436,170,266
437,170,267
438,171,267
439,172,267
440,172,268
441,173,268
442,173,269
443,173,270
444,174,270
445,174,271
446,175,271
447,176,271
448,176,272
449,176,273
450,176,274
451,176,275
452,177,275
453,178,275
454,178,276
455,178,277
456,179,277
457,180,277
458,180,278
459,180,279
460,181,279
461,182,279
462,182,280
463,182,281
464,182,282
465,183,282
466,183,283
467,184,283
468,184,284
469,185,284
470,185,285
471,185,286
472,185,287
473,186,287
474,187,287
475,187,288
476,188,288
477,188,289
478,188,290
479,188,291
480,188,292
481,189,292
482,189,293
483,190,293
484,190,294
485,191,294
486,192,294
487,192,295
488,192,296
489,192,297
490,193,297
491,194,297
492,194,298
493,194,299
494,194,300
495,194,301
496,194,302
497,194,303
498,195,303
499,196,303
500,197,303
