1,1,0
2,1,1
3,1,2
4,2,2
5,3,2
6,4,2
7,5,2
8,6,2
9,7,2
10,7,3
11,8,3
12,8,4
13,8,5
14,9,5
15,10,5
16,10,6
17,11,6
18,11,7
19,11,8
20,12,8
21,12,9
22,13,9
23,14,9
24,15,9
25,15,10
26,15,11
27,16,11
28,16,12
29,16,13
30,17,13
31,18,13
32,18,14
33,19,14
34,19,15
35,19,16
36,20,16
37,20,17
38,21,17
39,22,17
40,22,18
41,23,18
42,23,19
43,24,19
44,24,20
45,24,21
46,24,22
47,24,23
48,25,23
49,26,23
50,26,24
51,27,24
52,28,24
53,28,25
54,29,25
55,29,26
56,30,26
57,30,27
58,30,28
59,30,29
60,31,29
61,32,29
62,32,30
63,32,31
64,33,31
65,34,31
66,34,32
67,35,32
68,36,32
69,37,32
70,37,33
71,37,34
72,37,35
73,38,35
74,39,35
75,40,35
76,41,35
77,41,36
78,42,36
79,43,36
80,43,37
81,43,38
82,43,39
83,44,39
84,45,39
85,45,40
86,46,40
87,47,40
88,47,41
89,47,42
90,48,42
91,49,42
92,50,42
93,51,42
94,52,42
95,53,42
96,53,43
97,54,43
98,55,43
99,55,44
100,55,45
101,56,45
102,57,45
103,57,46
104,57,47
105,58,47
106,59,47
107,59,48
108,60,48
109,60,49
110,60,50
111,60,51
112,60,52
113,61,52
114,62,52
115,62,53
116,62,54
117,63,54
118,64,54
119,65,54
120,66,54
121,66,55
122,67,55
123,68,55
124,69,55
125,69,56
126,69,57
127,70,57
128,70,58
129,71,58
130,71,59
131,71,60
132,71,61
133,72,61
134,73,61
135,73,62
136,74,62
137,74,63
138,74,64
139,75,64
140,75,65
141,76,65
142,76,66
143,77,66
144,77,67
145,78,67
146,79,67
147,80,67
148,80,68
149,80,69
150,81,69
151,82,69
152,82,70
153,82,71
154,83,71
155,84,71
156,85,71
157,85,72
158,85,73
159,86,73
160,87,73
161,87,74
162,87,75
163,87,76
164,88,76
165,89,76
166,90,76
167,90,77
168,90,78
169,91,78
170,92,78
171,93,78
172,93,79
173,94,79
174,94,80
175,95,80
176,95,81
177,96,81
178,96,82
179,97,82
180,97,83
181,98,83
182,99,83
183,100,83
184,101,83
185,102,83
186,103,83
187,103,84
188,103,85
189,104,85
190,105,85
191,106,85
192,107,85
193,107,86
194,107,87
195,107,88
196,108,88
197,108,89
198,109,89
199,110,89
200,111,89
201,111,90
202,111,91
203,112,91
204,112,92
205,112,93
206,112,94
207,113,94
208,114,94
209,114,95
210,115,95
211,115,96
212,116,96
213,117,96
214,118,96
215,118,97
216,118,98
217,119,98
218,120,98
219,120,99
220,121,99
221,121,100
222,121,101
223,121,102
224,122,102
225,122,103
226,122,104
227,122,105
228,122,106
229,123,106
230,124,106
231,125,106
232,125,107
233,125,108
234,125,109
235,125,110
236,126,110
237,126,111
238,127,111
239,128,111
240,129,111
241,129,112
242,130,112
243,130,113
244,131,113
245,131,114
246,132,114
247,133,114
248,133,115
249,133,116
250,134,116
251,134,117
252,135,117
253,136,117
254,136,118
255,137,118
256,138,118
257,138,119
258,139,119
259,139,120
260,140,120
261,140,121
262,141,121
263,141,122
264,142,122
265,143,122
266,144,122
267,145,122
268,145,123
269,146,123
270,146,124
271,146,125
272,147,125
273,148,125
274,148,126
275,148,127
276,148,128
277,149,128
278,150,128
279,150,129
280,151,129
281,151,130
282,152,130
283,152,131
284,153,131
285,154,131
286,154,132
287,154,133
288,154,134
289,155,134
290,156,134
291,156,135
292,157,135
293,157,136
294,158,136
295,158,137
296,158,138
297,158,139
298,158,140
299,159,140
300,160,140
301,160,141
302,160,142
303,161,142
304,161,143
305,162,143
306,163,143
307,164,143
308,165,143
309,166,143
310,167,143
311,167,144
312,168,144
313,168,145
314,169,145
315,169,146
316,170,146
317,171,146
318,171,147
319,172,147
320,172,148
321,173,148
322,174,148
323,175,148
324,176,148
325,176,149
326,177,149
327,177,150
328,178,150
329,178,151
330,179,151
331,179,152
332,179,153
333,180,153
334,180,154
335,180,155
336,181,155
337,181,156
338,181,157
339,181,158
340,182,158
341,183,158
342,184,158
343,184,159
344,185,159
345,185,160
346,185,161
347,185,162
348,185,163
349,186,163
350,187,163
351,187,164
352,188,164
353,189,164
354,189,165
355,190,165
356,191,165
357,192,165
358,193,165
359,193,166
360,194,166
361,194,167
362,195,167
363,196,167
364,197,167
365,198,167
366,198,168
367,199,168
368,199,169
369,199,170
370,199,171
371,200,171
372,201,171
373,201,172
374,201,173
375,202,173
376,202,174
377,203,174
378,204,174
379,204,175
380,205,175
381,205,176
382,206,176
383,206,177
384,206,178
385,207,178
386,208,178
387,209,178
388,210,178
389,211,178
390,211,179
391,211,180
392,212,180
393,212,181
394,213,181
395,213,182
396,214,182
397,215,182
398,216,182
399,216,183
400,216,184
401,217,184
402,217,185
403,218,185
404,218,186
405,218,187
406,219,187
407,219,188
408,220,188
409,221,188
410,222,188
411,222,189
412,222,190
413,223,190
414,223,191
415,224,191
416,225,191
417,225,192
418,226,192
419,227,192
420,228,192
421,228,193
422,228,194
423,229,194
424,229,195
425,230,195
426,230,196
427,230,197
428,230,198
429,230,199
430,231,199
431,232,199
432,233,199
433,234,199
434,234,200
435,235,200
436,235,201
437,236,201
438,236,202
439,236,203
440,237,203
441,237,204
442,238,204
443,238,205
444,239,205
445,239,206
446,240,206
447,240,207
448,241,207
449,241,208
450,242,208
451,242,209
452,243,209
453,244,209
454,245,209
455,246,209
456,246,210
457,246,211
458,246,212
459,247,212
460,248,212
461,248,213
462,248,214
463,249,214
464,249,215
465,250,215
466,250,216
467,251,216
468,252,216
469,252,217
470,252,218
471,252,219
472,252,220
473,253,220
474,254,220
475,255,220
476,255,221
477,256,221
478,257,221
479,258,221
480,258,222
481,258,223
482,258,224
483,258,225
484,259,225
485,259,226
486,260,226
487,261,226
488,261,227
489,262,227
490,262,228
491,262,229
492,263,229
493,264,229
494,265,229
495,265,230
496,266,230
497,267,230
498,268,230
499,269,230
500,270,230
