1,1,0
2,2,0
3,3,0
4,4,0
5,5,0
6,6,0
7,6,1
8,7,1
9,8,1
10,9,1
11,10,1
12,10,2
13,11,2
14,12,2
15,13,2
16,13,3
17,14,3
18,14,4
19,15,4
20,15,5
21,16,5
22,17,5
23,18,5
24,19,5
25,19,6
26,20,6
27,21,6
28,22,6
29,23,6
30,24,6
31,24,7
32,25,7
33,26,7
34,27,7
35,27,8
36,28,8
37,28,9
38,29,9
39,30,9
40,30,10
41,31,10
42,32,10
43,33,10
44,34,10
45,35,10
46,36,10
47,37,10
48,38,10
49,39,10
50,39,11
51,40,11
52,41,11
53,42,11
54,43,11
55,43,12
56,44,12
57,44,13
58,45,13
59,46,13
60,47,13
61,47,14
62,48,14
63,48,15
64,49,15
65,49,16
66,50,16
67,50,17
68,51,17
69,52,17
70,53,17
71,53,18
72,54,18
73,55,18
74,55,19
75,56,19
76,56,20
77,56,21
78,57,21
79,57,22
80,58,22
81,58,23
82,58,24
83,59,24
84,60,24
85,60,25
86,61,25
87,62,25
88,63,25
89,64,25
90,65,25
91,66,25
92,66,26
93,67,26
94,68,26
95,69,26
96,69,27
97,70,27
98,70,28
99,71,28
100,71,29
101,72,29
102,73,29
103,74,29
104,74,30
105,75,30
106,75,31
107,75,32
108,76,32
109,76,33
110,77,33
111,78,33
112,78,34
113,78,35
114,78,36
115,78,37
116,78,38
117,78,39
118,78,40
119,79,40
120,80,40
121,81,40
122,82,40
123,83,40
124,84,40
125,84,41
126,85,41
127,85,42
128,86,42
129,86,43
130,87,43
131,88,43
132,89,43
133,89,44
134,90,44
135,90,45
136,91,45
137,91,46
138,92,46
139,92,47
140,92,48
141,92,49
142,93,49
143,93,50
144,94,50
145,95,50
146,95,51
147,95,52
148,96,52
149,96,53
150,97,53
151,97,54
152,97,55
153,98,55
154,99,55
155,99,56
156,100,56
157,100,57
158,101,57
159,101,58
160,102,58
161,103,58
162,103,59
163,104,59
164,104,60
165,105,60
166,106,60
167,106,61
168,107,61
169,107,62
170,108,62
171,109,62
172,109,63
173,109,64
174,110,64
175,111,64
176,111,65
177,111,66
178,112,66
179,113,66
180,114,66
181,114,67
182,115,67
183,115,68
184,116,68
185,116,69
186,117,69
187,117,70
188,118,70
189,118,71
190,119,71
191,119,72
192,120,72
193,121,72
194,122,72
195,122,73
196,123,73
197,123,74
198,123,75
199,123,76
200,124,76
201,124,77
202,124,78
203,125,78
204,125,79
205,126,79
206,127,79
207,127,80
208,128,80
209,128,81
210,129,81
211,129,82
212,130,82
213,131,82
214,131,83
215,132,83
216,132,84
217,132,85
218,132,86
219,133,86
220,133,87
221,133,88
222,134,88
223,135,88
224,136,88
225,137,88
226,137,89
227,138,89
228,138,90
229,139,90
230,139,91
231,140,91
232,140,92
233,141,92
234,141,93
235,141,94
236,142,94
237,142,95
238,143,95
239,144,95
240,144,96
241,144,97
242,145,97
243,145,98
244,145,99
245,145,100
246,146,100
247,146,101
248,147,101
249,147,102
250,148,102
251,148,103
252,149,103
253,149,104
254,150,104
255,150,105
256,151,105
257,152,105
258,152,106
259,152,107
260,153,107
261,154,107
262,155,107
263,155,108
264,156,108
265,157,108
266,157,109
267,158,109
268,158,110
269,159,110
270,160,110
271,160,111
272,160,112
273,161,112
274,162,112
275,162,113
276,163,113
277,163,114
278,164,114
279,165,114
280,165,115
281,166,115
282,166,116
283,167,116
284,168,116
285,168,117
286,169,117
287,169,118
288,169,119
289,170,119
290,170,120
291,171,120
292,172,120
293,173,120
294,173,121
295,174,121
296,174,122
297,174,123
298,175,123
299,176,123
300,177,123
301,178,123
302,179,123
303,179,124
304,179,125
305,180,125
306,181,125
307,181,126
308,182,126
309,182,127
310,182,128
311,183,128
312,184,128
313,185,128
314,186,128
315,186,129
316,187,129
317,187,130
318,187,131
319,188,131
320,189,131
321,189,132
322,189,133
323,190,133
324,191,133
325,191,134
326,192,134
327,193,134
328,194,134
329,195,134
330,195,135
331,196,135
332,197,135
333,197,136
334,198,136
335,199,136
336,200,136
337,200,137
338,201,137
339,201,138
340,201,139
341,201,140
342,202,140
343,203,140
344,203,141
345,203,142
346,203,143
347,203,144
348,204,144
349,204,145
350,205,145
351,205,146
352,205,147
353,206,147
354,206,148
355,207,148
356,207,149
357,208,149
358,209,149
359,210,149
360,210,150
361,210,151
362,211,151
363,211,152
364,211,153
365,212,153
366,212,154
367,212,155
368,213,155
369,214,155
370,214,156
371,215,156
372,216,156
373,216,157
374,217,157
375,217,158
376,218,158
377,218,159
378,219,159
379,219,160
380,220,160
381,220,161
382,220,162
383,221,162
384,222,162
385,222,163
386,222,164
387,223,164
388,224,164
389,225,164
390,226,164
391,226,165
392,226,166
393,227,166
394,228,166
395,228,167
396,228,168
397,229,168
398,230,168
399,230,169
400,231,169
401,231,170
402,232,170
403,233,170
404,233,171
405,234,171
406,234,172
407,235,172
408,235,173
409,235,174
410,236,174
411,236,175
412,237,175
413,238,175
414,239,175
415,239,176
416,240,176
417,240,177
418,241,177
419,241,178
420,241,179
421,241,180
422,242,180
423,243,180
424,243,181
425,244,181
426,244,182
427,245,182
428,246,182
429,247,182
430,247,183
431,248,183
432,249,183
433,250,183
434,251,183
435,251,184
436,252,184
437,253,184
438,254,184
439,254,185
440,254,186
441,254,187
442,255,187
443,256,187
444,256,188
445,257,188
446,257,189
447,258,189
448,258,190
449,258,191
450,258,192
451,258,193
452,259,193
453,259,194
454,260,194
455,261,194
456,261,195
457,262,195
458,263,195
459,264,195
460,265,195
461,265,196
462,266,196
463,266,197
464,267,197
465,267,198
466,268,198
467,268,199
468,268,200
469,269,200
470,270,200
471,270,201
472,271,201
473,271,202
474,271,203
475,272,203
476,273,203
477,274,203
478,275,203
479,276,203
480,276,204
481,277,204
482,278,204
483,279,204
484,280,204
485,280,205
486,281,205
487,281,206
488,281,207
489,281,208
490,282,208
491,283,208
492,284,208
493,285,208
494,285,209
495,286,209
496,287,209
497,287,210
498,288,210
499,289,210
500,290,210
1,0,1
2,0,2
3,1,2
4,1,3
5,1,4
6,2,4
7,2,5
8,2,6
9,2,7
10,2,8
11,3,8
12,4,8
13,4,9
14,4,10
15,4,11
16,4,12
17,4,13
18,4,14
19,4,15
20,5,15
21,5,16
22,5,17
23,6,17
24,6,18
25,6,19
26,7,19
27,7,20
28,7,21
29,7,22
30,7,23
31,7,24
32,7,25
33,8,25
34,9,25
35,9,26
36,9,27
37,9,28
38,9,29
39,9,30
40,9,31
41,9,32
42,9,33
43,9,34
44,10,34
45,10,35
46,10,36
47,10,37
48,10,38
49,10,39
50,10,40
51,10,41
52,11,41
53,11,42
54,11,43
55,11,44
56,11,45
57,11,46
58,11,47
59,11,48
60,11,49
61,12,49
62,12,50
63,12,51
64,12,52
65,13,52
66,13,53
67,13,54
68,13,55
69,14,55
70,15,55
71,15,56
72,15,57
73,15,58
74,16,58
75,16,59
76,16,60
77,16,61
78,16,62
79,16,63
80,16,64
81,16,65
82,17,65
83,17,66
84,17,67
85,18,67
86,18,68
87,18,69
88,18,70
89,19,70
90,20,70
91,20,71
92,20,72
93,21,72
94,21,73
95,21,74
96,22,74
97,22,75
98,23,75
99,23,76
100,23,77
101,24,77
102,24,78
103,24,79
104,24,80
105,24,81
106,24,82
107,24,83
108,24,84
109,25,84
110,25,85
111,25,86
112,25,87
113,25,88
114,25,89
115,25,90
116,25,91
117,25,92
118,26,92
119,26,93
120,26,94
121,26,95
122,27,95
123,27,96
124,27,97
125,27,98
126,27,99
127,28,99
128,28,100
129,29,100
130,29,101
131,29,102
132,30,102
133,30,103
134,30,104
135,30,105
136,30,106
137,30,107
138,30,108
139,30,109
140,30,110
141,31,110
142,31,111
143,31,112
144,32,112
145,32,113
146,33,113
147,33,114
148,33,115
149,33,116
150,33,117
151,33,118
152,33,119
153,33,120
154,33,121
155,33,122
156,33,123
157,33,124
158,33,125
159,34,125
160,34,126
161,34,127
162,34,128
163,35,128
164,35,129
165,35,130
166,35,131
167,35,132
168,36,132
169,36,133
170,36,134
171,36,135
172,36,136
173,36,137
174,36,138
175,36,139
176,37,139
177,37,140
178,37,141
179,37,142
180,38,142
181,39,142
182,39,143
183,39,144
184,39,145
185,39,146
186,39,147
187,39,148
188,39,149
189,39,150
190,39,151
191,39,152
192,39,153
193,39,154
194,39,155
195,39,156
196,39,157
197,40,157
198,40,158
199,40,159
200,41,159
201,41,160
202,41,161
203,41,162
204,42,162
205,42,163
206,43,163
207,44,163
208,44,164
209,45,164
210,45,165
211,45,166
212,45,167
213,46,167
214,46,168
215,46,169
216,47,169
217,47,170
218,47,171
219,47,172
220,47,173
221,48,173
222,48,174
223,48,175
224,48,176
225,49,176
226,49,177
227,50,177
228,50,178
229,50,179
230,51,179
231,51,180
232,51,181
233,51,182
234,52,182
235,52,183
236,52,184
237,52,185
238,52,186
239,52,187
240,52,188
241,52,189
242,52,190
243,52,191
244,52,192
245,52,193
246,53,193
247,53,194
248,53,195
249,53,196
250,53,197
251,53,198
252,53,199
253,54,199
254,54,200
255,54,201
256,54,202
257,55,202
258,56,202
259,56,203
260,56,204
261,57,204
262,57,205
263,57,206
264,58,206
265,58,207
266,58,208
267,58,209
268,58,210
269,59,210
270,59,211
271,59,212
272,59,213
273,59,214
274,59,215
275,59,216
276,59,217
277,59,218
278,59,219
279,60,219
280,61,219
281,61,220
282,61,221
283,61,222
284,61,223
285,62,223
286,62,224
287,63,224
288,63,225
289,63,226
290,64,226
291,64,227
292,64,228
293,64,229
294,65,229
295,65,230
296,65,231
297,65,232
298,66,232
299,66,233
300,66,234
301,66,235
302,66,236
303,66,237
304,67,237
305,67,238
306,67,239
307,67,240
308,67,241
309,67,242
310,67,243
311,67,244
312,67,245
313,67,246
314,67,247
315,67,248
316,67,249
317,67,250
318,67,251
319,67,252
320,68,252
321,68,253
322,69,253
323,70,253
324,70,254
325,70,255
326,71,255
327,71,256
328,71,257
329,71,258
330,72,258
331,72,259
332,72,260
333,72,261
334,72,262
335,72,263
336,72,264
337,72,265
338,72,266
339,72,267
340,72,268
341,72,269
342,73,269
343,73,270
344,73,271
345,73,272
346,73,273
347,73,274
348,74,274
349,74,275
350,74,276
351,74,277
352,74,278
353,74,279
354,75,279
355,75,280
356,75,281
357,75,282
358,75,283
359,75,284
360,75,285
361,75,286
362,76,286
363,76,287
364,76,288
365,76,289
366,76,290
367,76,291
368,77,291
369,77,292
370,77,293
371,77,294
372,77,295
373,77,296
374,77,297
375,78,297
376,79,297
377,79,298
378,80,298
379,80,299
380,81,299
381,81,300
382,81,301
383,81,302
384,81,303
385,82,303
386,82,304
387,82,305
388,82,306
389,82,307
390,83,307
391,83,308
392,83,309
393,84,309
394,85,309
395,85,310
396,85,311
397,85,312
398,85,313
399,85,314
400,85,315
401,85,316
402,85,317
403,85,318
404,85,319
405,85,320
406,85,321
407,86,321
408,86,322
409,86,323
410,86,324
411,86,325
412,87,325
413,87,326
414,88,326
415,88,327
416,88,328
417,89,328
418,89,329
419,89,330
420,90,330
421,90,331
422,90,332
423,90,333
424,90,334
425,90,335
426,90,336
427,91,336
428,91,337
429,91,338
430,92,338
431,92,339
432,92,340
433,92,341
434,92,342
435,92,343
436,92,344
437,92,345
438,92,346
439,93,346
440,94,346
441,95,346
442,95,347
443,95,348
444,95,349
445,95,350
446,95,351
447,95,352
448,96,352
449,96,353
450,96,354
451,96,355
452,96,356
453,96,357
454,96,358
455,96,359
456,96,360
457,96,361
458,97,361
459,97,362
460,98,362
461,98,363
462,98,364
463,98,365
464,98,366
465,98,367
466,98,368
467,99,368
468,100,368
469,101,368
470,101,369
471,101,370
472,101,371
473,101,372
474,102,372
475,102,373
476,102,374
477,102,375
478,102,376
479,102,377
480,102,378
481,103,378
482,103,379
483,104,379
484,105,379
485,105,380
486,105,381
487,106,381
488,107,381
489,107,382
490,107,383
491,107,384
492,108,384
493,108,385
494,109,385
495,109,386
496,110,386
497,110,387
498,110,388
499,111,388
500,111,389
