1737,1930,2145,2157,2384,2384,2384,2384,2384,2384,2384,2384,2384,2384,2384,2384,2384,2157,2145,1930
1737,1930,2145,2384,2397,2649,2649,2649,2649,2649,2649,2649,2649,2649,2649,2649,2397,2384,2145,1930
1737,1930,2145,2384,2649,2664,2944,2944,2944,2944,2944,2944,2944,2944,2944,2664,2649,2384,2145,1930
1737,1930,2145,2384,2649,2944,2960,3272,3272,3272,3272,3272,3272,3272,2960,2944,2649,2384,2145,1930
1737,1930,2145,2384,2649,2944,3272,3289,3636,3636,3636,3636,3636,3289,3272,2944,2649,2384,2145,1930
1737,1930,2145,2384,2649,2944,3272,3636,3655,4041,4041,4041,3655,3636,3272,2944,2649,2384,2145,1930
1737,1930,2145,2384,2649,2944,3272,3636,4041,4062,4491,4062,4041,3636,3272,2944,2649,2384,2145,1930
1737,1930,2145,2384,2649,2944,3272,3636,4041,4491,4991,4491,4041,3636,3272,2944,2649,2384,2145,1930
1737,1930,2145,2384,2649,2944,3272,3636,4041,4062,4491,4062,4041,3636,3272,2944,2649,2384,2145,1930
1737,1930,2145,2384,2649,2944,3272,3636,3655,4041,4041,4041,3655,3636,3272,2944,2649,2384,2145,1930
1737,1930,2145,2384,2649,2944,3272,3289,3636,3636,3636,3636,3636,3289,3272,2944,2649,2384,2145,1930
1737,1930,2145,2384,2649,2944,2960,3272,3272,3272,3272,3272,3272,3272,2960,2944,2649,2384,2145,1930
1737,1930,2145,2384,2649,2664,2944,2944,2944,2944,2944,2944,2944,2944,2944,2664,2649,2384,2145,1930
1737,1930,2145,2384,2397,2649,2649,2649,2649,2649,2649,2649,2649,2649,2649,2649,2397,2384,2145,1930
1737,1930,2145,2157,2384,2384,2384,2384,2384,2384,2384,2384,2384,2384,2384,2384,2384,2157,2145,1930
