1,0,1
2,0,2
3,0,3
4,0,4
5,0,5
6,1,5
7,1,6
8,1,7
9,2,7
10,3,7
11,4,7
12,4,8
13,4,9
14,5,9
15,6,9
16,6,10
17,7,10
18,7,11
19,8,11
20,9,11
21,9,12
22,10,12
23,11,12
24,11,13
25,12,13
26,12,14
27,12,15
28,12,16
29,13,16
30,14,16
31,14,17
32,15,17
33,15,18
34,15,19
35,15,20
36,16,20
37,16,21
38,16,22
39,16,23
40,17,23
41,17,24
42,18,24
43,19,24
44,19,25
45,20,25
46,21,25
47,22,25
48,23,25
49,23,26
50,24,26
51,24,27
52,25,27
53,26,27
54,27,27
55,27,28
56,27,29
57,28,29
58,29,29
59,29,30
60,29,31
61,30,31
62,30,32
63,31,32
64,32,32
65,33,32
66,33,33
67,34,33
68,34,34
69,34,35
70,35,35
71,36,35
72,37,35
73,37,36
74,38,36
75,38,37
76,39,37
77,39,38
78,40,38
79,40,39
80,41,39
81,41,40
82,41,41
83,41,42
84,42,42
85,43,42
86,43,43
87,44,43
88,44,44
89,45,44
90,46,44
91,47,44
92,48,44
93,48,45
94,49,45
95,50,45
96,50,46
97,50,47
98,51,47
99,51,48
100,52,48
101,52,49
102,53,49
103,53,50
104,53,51
105,54,51
106,55,51
107,56,51
108,57,51
109,57,52
110,57,53
111,58,53
112,58,54
113,58,55
114,58,56
115,59,56
116,59,57
117,59,58
118,60,58
119,61,58
120,62,58
121,63,58
122,63,59
123,64,59
124,64,60
125,65,60
126,66,60
127,66,61
128,67,61
129,67,62
130,68,62
131,68,63
132,69,63
133,69,64
134,69,65
135,70,65
136,70,66
137,70,67
138,70,68
139,70,69
140,71,69
141,72,69
142,72,70
143,72,71
144,73,71
145,74,71
146,74,72
147,74,73
148,74,74
149,75,74
150,76,74
151,76,75
152,77,75
153,77,76
154,78,76
155,79,76
156,79,77
157,79,78
158,80,78
159,81,78
160,82,78
161,83,78
162,84,78
163,85,78
164,86,78
165,86,79
166,86,80
167,87,80
168,87,81
169,88,81
170,89,81
171,89,82
172,89,83
173,90,83
174,91,83
175,91,84
176,91,85
177,92,85
178,92,86
179,92,87
180,93,87
181,93,88
182,93,89
183,94,89
184,95,89
185,95,90
186,96,90
187,97,90
188,97,91
189,98,91
190,98,92
191,99,92
192,100,92
193,100,93
194,100,94
195,101,94
196,101,95
197,102,95
198,103,95
199,103,96
200,104,96
201,105,96
202,106,96
203,106,97
204,107,97
205,107,98
206,108,98
207,108,99
208,108,100
209,109,100
210,110,100
211,110,101
212,111,101
213,111,102
214,112,102
215,112,103
216,113,103
217,114,103
218,114,104
219,114,105
220,114,106
221,114,107
222,115,107
223,115,108
224,115,109
225,115,110
226,115,111
227,116,111
228,117,111
229,117,112
230,117,113
231,117,114
232,118,114
233,118,115
234,119,115
235,119,116
236,119,117
237,120,117
238,120,118
239,121,118
240,121,119
241,122,119
242,122,120
243,122,121
244,122,122
245,123,122
246,124,122
247,125,122
248,125,123
249,126,123
250,126,124
251,127,124
252,128,124
253,128,125
254,128,126
255,128,127
256,128,128
257,129,128
258,129,129
259,129,130
260,130,130
261,130,131
262,131,131
263,131,132
264,132,132
265,133,132
266,133,133
267,134,133
268,135,133
269,135,134
270,136,134
271,136,135
272,137,135
273,137,136
274,137,137
275,138,137
276,139,137
277,140,137
278,141,137
279,142,137
280,143,137
281,143,138
282,144,138
283,144,139
284,145,139
285,145,140
286,145,141
287,146,141
288,147,141
289,147,142
290,147,143
291,148,143
292,149,143
293,150,143
294,151,143
295,152,143
296,153,143
297,154,143
298,155,143
299,156,143
300,156,144
301,156,145
302,156,146
303,157,146
304,158,146
305,158,147
306,159,147
307,159,148
308,160,148
309,160,149
310,161,149
311,162,149
312,163,149
313,164,149
314,164,150
315,165,150
316,166,150
317,166,151
318,166,152
319,167,152
320,168,152
321,169,152
322,169,153
323,169,154
324,170,154
325,171,154
326,171,155
327,171,156
328,172,156
329,173,156
330,174,156
331,174,157
332,175,157
333,175,158
334,175,159
335,175,160
336,175,161
337,176,161
338,176,162
339,177,162
340,177,163
341,178,163
342,179,163
343,180,163
344,180,164
345,181,164
346,182,164
347,183,164
348,183,165
349,184,165
350,184,166
351,185,166
352,185,167
353,186,167
354,186,168
355,186,169
356,187,169
357,187,170
358,188,170
359,188,171
360,188,172
361,189,172
362,190,172
363,190,173
364,191,173
365,191,174
366,192,174
367,193,174
368,193,175
369,194,175
370,195,175
371,195,176
372,195,177
373,195,178
374,196,178
375,197,178
376,197,179
377,197,180
378,198,180
379,198,181
380,199,181
381,200,181
382,201,181
383,201,182
384,202,182
385,203,182
386,203,183
387,204,183
388,205,183
389,205,184
390,205,185
391,206,185
392,207,185
393,208,185
394,208,186
395,209,186
396,209,187
397,210,187
398,211,187
399,211,188
400,212,188
401,213,188
402,213,189
403,214,189
404,215,189
405,215,190
406,215,191
407,216,191
408,216,192
409,217,192
410,217,193
411,217,194
412,218,194
413,218,195
414,219,195
415,220,195
416,220,196
417,221,196
418,222,196
419,222,197
420,222,198
421,223,198
422,223,199
423,223,200
424,224,200
425,224,201
426,224,202
427,224,203
428,225,203
429,226,203
430,227,203
431,228,203
432,228,204
433,228,205
434,229,205
435,230,205
436,230,206
437,231,206
438,232,206
439,232,207
440,232,208
441,232,209
442,232,210
443,233,210
444,234,210
445,234,211
446,235,211
447,236,211
448,237,211
449,238,211
450,238,212
451,239,212
452,240,212
453,241,212
454,241,213
455,241,214
456,241,215
457,242,215
458,243,215
459,243,216
460,243,217
461,244,217
462,245,217
463,246,217
464,247,217
465,248,217
466,249,217
467,249,218
468,249,219
469,250,219
470,251,219
471,251,220
472,252,220
473,252,221
474,252,222
475,253,222
476,253,223
477,253,224
478,253,225
479,254,225
480,254,226
481,254,227
482,255,227
483,256,227
484,256,228
485,257,228
486,258,228
487,259,228
488,260,228
489,261,228
490,261,229
491,261,230
492,262,230
493,263,230
494,264,230
495,265,230
496,266,230
497,267,230
498,268,230
499,269,230
500,270,230
