1,0,1
2,0,2
3,0,3
4,0,4
5,1,4
6,1,5
7,1,6
8,1,7
9,1,8
10,2,8
11,3,8
12,3,9
13,4,9
14,4,10
15,4,11
16,5,11
17,5,12
18,6,12
19,6,13
20,6,14
21,6,15
22,7,15
23,7,16
24,8,16
25,8,17
26,8,18
27,9,18
28,9,19
29,9,20
30,10,20
31,11,20
32,11,21
33,12,21
34,12,22
35,12,23
36,13,23
37,14,23
38,14,24
39,14,25
40,15,25
41,15,26
42,15,27
43,15,28
44,15,29
45,16,29
46,16,30
47,16,31
48,16,32
49,17,32
50,17,33
51,17,34
52,18,34
53,18,35
54,18,36
55,18,37
56,19,37
57,20,37
58,21,37
59,21,38
60,21,39
61,22,39
62,23,39
63,23,40
64,23,41
65,24,41
66,24,42
67,24,43
68,24,44
69,24,45
70,24,46
71,25,46
72,25,47
73,25,48
74,25,49
75,25,50
76,26,50
77,26,51
78,27,51
79,27,52
80,28,52
81,28,53
82,29,53
83,29,54
84,29,55
85,29,56
86,29,57
87,29,58
88,30,58
89,30,59
90,30,60
91,30,61
92,30,62
93,30,63
94,30,64
95,30,65
96,30,66
97,31,66
98,31,67
99,32,67
100,32,68
101,32,69
102,33,69
103,34,69
104,34,70
105,34,71
106,34,72
107,34,73
108,34,74
109,34,75
110,35,75
111,36,75
112,36,76
113,36,77
114,36,78
115,36,79
116,37,79
117,38,79
118,38,80
119,39,80
120,39,81
121,40,81
122,40,82
123,41,82
124,42,82
125,42,83
126,42,84
127,42,85
128,42,86
129,42,87
130,43,87
131,43,88
132,43,89
133,43,90
134,44,90
135,45,90
136,45,91
137,45,92
138,45,93
139,45,94
140,46,94
141,46,95
142,46,96
143,47,96
144,47,97
145,48,97
146,48,98
147,49,98
148,50,98
149,50,99
150,50,100
151,50,101
152,50,102
153,50,103
154,50,104
155,50,105
156,51,105
157,51,106
158,51,107
159,52,107
160,52,108
161,52,109
162,52,110
163,53,110
164,53,111
165,54,111
166,54,112
167,55,112
168,55,113
169,55,114
170,56,114
171,56,115
172,56,116
173,56,117
174,57,117
175,58,117
176,58,118
177,58,119
178,58,120
179,59,120
180,59,121
181,60,121
182,60,122
183,61,122
184,62,122
185,62,123
186,62,124
187,63,124
188,63,125
189,63,126
190,64,126
191,64,127
192,65,127
193,65,128
194,65,129
195,66,129
196,67,129
197,67,130
198,68,130
199,68,131
200,68,132
201,68,133
202,68,134
203,69,134
204,70,134
205,71,134
206,72,134
207,72,135
208,72,136
209,72,137
210,72,138
211,73,138
212,74,138
213,74,139
214,74,140
215,74,141
216,74,142
217,74,143
218,74,144
219,74,145
220,74,146
221,74,147
222,75,147
223,75,148
224,76,148
225,77,148
226,78,148
227,78,149
228,78,150
229,79,150
230,79,151
231,80,151
232,81,151
233,81,152
234,81,153
235,81,154
236,81,155
237,82,155
238,82,156
239,82,157
240,82,158
241,82,159
242,83,159
243,84,159
244,84,160
245,84,161
246,85,161
247,85,162
248,86,162
249,86,163
250,86,164
251,86,165
252,87,165
253,88,165
254,89,165
255,89,166
256,89,167
257,89,168
258,89,169
259,89,170
260,89,171
261,89,172
262,90,172
263,90,173
264,91,173
265,92,173
266,93,173
267,93,174
268,93,175
269,93,176
270,93,177
271,94,177
272,95,177
273,95,178
274,95,179
275,96,179
276,96,180
277,96,181
278,96,182
279,97,182
280,98,182
281,99,182
282,99,183
283,99,184
284,99,185
285,99,186
286,99,187
287,99,188
288,99,189
289,99,190
290,100,190
291,101,190
292,102,190
293,103,190
294,104,190
295,105,190
296,106,190
297,106,191
298,106,192
299,106,193
300,106,194
301,107,194
302,108,194
303,108,195
304,108,196
305,108,197
306,108,198
307,108,199
308,108,200
309,108,201
310,108,202
311,108,203
312,109,203
313,109,204
314,110,204
315,110,205
316,110,206
317,111,206
318,111,207
319,111,208
320,112,208
321,112,209
322,112,210
323,113,210
324,114,210
325,114,211
326,114,212
327,115,212
328,115,213
329,116,213
330,116,214
331,116,215
332,116,216
333,117,216
334,118,216
335,118,217
336,118,218
337,118,219
338,119,219
339,119,220
340,119,221
341,119,222
342,119,223
343,120,223
344,120,224
345,121,224
346,121,225
347,121,226
348,121,227
349,122,227
350,122,228
351,122,229
352,122,230
353,123,230
354,123,231
355,124,231
356,125,231
357,125,232
358,125,233
359,126,233
360,126,234
361,126,235
362,127,235
363,127,236
364,128,236
365,128,237
366,128,238
367,129,238
368,129,239
369,130,239
370,130,240
371,130,241
372,131,241
373,132,241
374,132,242
375,132,243
376,132,244
377,132,245
378,132,246
379,132,247
380,133,247
381,133,248
382,134,248
383,134,249
384,135,249
385,135,250
386,135,251
387,136,251
388,137,251
389,138,251
390,138,252
391,138,253
392,138,254
393,138,255
394,138,256
395,139,256
396,140,256
397,140,257
398,141,257
399,141,258
400,141,259
401,141,260
402,141,261
403,142,261
404,142,262
405,142,263
406,142,264
407,143,264
408,144,264
409,144,265
410,145,265
411,145,266
412,145,267
413,145,268
414,145,269
415,145,270
416,145,271
417,145,272
418,145,273
419,146,273
420,147,273
421,147,274
422,147,275
423,148,275
424,148,276
425,148,277
426,148,278
427,148,279
428,148,280
429,149,280
430,149,281
431,149,282
432,150,282
433,150,283
434,151,283
435,152,283
436,153,283
437,154,283
438,155,283
439,156,283
440,156,284
441,156,285
442,156,286
443,156,287
444,156,288
445,156,289
446,157,289
447,157,290
448,157,291
449,158,291
450,159,291
451,159,292
452,160,292
453,161,292
454,161,293
455,162,293
456,163,293
457,163,294
458,163,295
459,163,296
460,163,297
461,163,298
462,164,298
463,164,299
464,164,300
465,165,300
466,165,301
467,165,302
468,165,303
469,166,303
470,166,304
471,167,304
472,168,304
473,169,304
474,169,305
475,169,306
476,169,307
477,170,307
478,170,308
479,170,309
480,171,309
481,171,310
482,172,310
483,172,311
484,172,312
485,172,313
486,173,313
487,173,314
488,173,315
489,174,315
490,175,315
491,175,316
492,176,316
493,177,316
494,177,317
495,177,318
496,178,318
497,178,319
498,178,320
499,178,321
500,178,322
