1,0,1
2,0,2
3,0,3
4,0,4
5,0,5
6,1,5
7,2,5
8,2,6
9,3,6
10,4,6
11,4,7
12,4,8
13,4,9
14,5,9
15,5,10
16,6,10
17,6,11
18,7,11
19,8,11
20,8,12
21,8,13
22,8,14
23,9,14
24,9,15
25,10,15
26,11,15
27,11,16
28,12,16
29,12,17
30,13,17
31,13,18
32,14,18
33,14,19
34,14,20
35,14,21
36,14,22
37,14,23
38,14,24
39,14,25
40,14,26
41,15,26
42,15,27
43,15,28
44,15,29
45,15,30
46,16,30
47,16,31
48,16,32
49,16,33
50,16,34
51,16,35
52,16,36
53,17,36
54,18,36
55,18,37
56,19,37
57,20,37
58,21,37
59,21,38
60,21,39
61,21,40
62,21,41
63,21,42
64,22,42
65,22,43
66,23,43
67,24,43
68,24,44
69,24,45
70,25,45
71,25,46
72,25,47
73,25,48
74,25,49
75,25,50
76,26,50
77,26,51
78,26,52
79,27,52
80,27,53
81,27,54
82,27,55
83,28,55
84,28,56
85,29,56
86,29,57
87,30,57
88,30,58
89,30,59
90,30,60
91,31,60
92,31,61
93,32,61
94,33,61
95,33,62
96,33,63
97,33,64
98,33,65
99,33,66
100,33,67
101,34,67
102,35,67
103,35,68
104,36,68
105,37,68
106,37,69
107,37,70
108,38,70
109,38,71
110,39,71
111,40,71
112,40,72
113,41,72
114,41,73
115,41,74
116,41,75
117,41,76
118,41,77
119,41,78
120,41,79
121,41,80
122,42,80
123,42,81
124,42,82
125,42,83
126,42,84
127,42,85
128,43,85
129,44,85
130,45,85
131,46,85
132,46,86
133,47,86
134,48,86
135,48,87
136,49,87
137,49,88
138,50,88
139,51,88
140,52,88
141,53,88
142,53,89
143,53,90
144,53,91
145,54,91
146,54,92
147,55,92
148,55,93
149,56,93
150,56,94
151,56,95
152,56,96
153,57,96
154,57,97
155,57,98
156,57,99
157,58,99
158,59,99
159,60,99
160,61,99
161,61,100
162,61,101
163,62,101
164,63,101
165,63,102
166,63,103
167,63,104
168,63,105
169,63,106
170,63,107
171,63,108
172,64,108
173,64,109
174,64,110
175,64,111
176,65,111
177,65,112
178,65,113
179,66,113
180,66,114
181,66,115
182,66,116
183,66,117
184,66,118
185,67,118
186,67,119
187,67,120
188,68,120
189,69,120
190,69,121
191,69,122
192,69,123
193,70,123
194,70,124
195,71,124
196,72,124
197,73,124
198,73,125
199,74,125
200,75,125
201,75,126
202,76,126
203,76,127
204,77,127
205,77,128
206,78,128
207,78,129
208,78,130
209,78,131
210,78,132
211,78,133
212,79,133
213,80,133
214,80,134
215,81,134
216,81,135
217,82,135
218,82,136
219,82,137
220,82,138
221,82,139
222,83,139
223,84,139
224,85,139
225,85,140
226,86,140
227,86,141
228,86,142
229,86,143
230,86,144
231,87,144
232,88,144
233,88,145
234,89,145
235,89,146
236,89,147
237,89,148
238,89,149
239,90,149
240,90,150
241,90,151
242,90,152
243,90,153
244,90,154
245,90,155
246,91,155
247,92,155
248,92,156
249,92,157
250,92,158
251,92,159
252,92,160
253,92,161
254,93,161
255,94,161
256,94,162
257,94,163
258,94,164
259,94,165
260,95,165
261,95,166
262,96,166
263,96,167
264,96,168
265,96,169
266,97,169
267,97,170
268,97,171
269,98,171
270,98,172
271,99,172
272,100,172
273,101,172
274,101,173
275,101,174
276,101,175
277,102,175
278,102,176
279,103,176
280,103,177
281,103,178
282,103,179
283,104,179
284,105,179
285,105,180
286,105,181
287,105,182
288,106,182
289,106,183
290,107,183
291,107,184
292,108,184
293,109,184
294,109,185
295,109,186
296,109,187
297,110,187
298,110,188
299,110,189
300,110,190
301,111,190
302,112,190
303,112,191
304,112,192
305,112,193
306,112,194
307,113,194
308,113,195
309,113,196
310,114,196
311,114,197
312,114,198
313,115,198
314,116,198
315,116,199
316,117,199
317,117,200
318,118,200
319,118,201
320,118,202
321,118,203
322,119,203
323,119,204
324,119,205
325,119,206
326,119,207
327,120,207
328,120,208
329,120,209
330,120,210
331,120,211
332,120,212
333,121,212
334,122,212
335,122,213
336,123,213
337,123,214
338,124,214
339,124,215
340,124,216
341,124,217
342,125,217
343,125,218
344,126,218
345,126,219
346,127,219
347,127,220
348,127,221
349,128,221
350,128,222
351,129,222
352,130,222
353,130,223
354,130,224
355,130,225
356,130,226
357,131,226
358,131,227
359,131,228
360,132,228
361,133,228
362,133,229
363,134,229
364,135,229
365,135,230
366,136,230
367,137,230
368,137,231
369,137,232
370,137,233
371,138,233
372,138,234
373,138,235
374,138,236
375,138,237
376,139,237
377,139,238
378,139,239
379,140,239
380,140,240
381,140,241
382,141,241
383,141,242
384,141,243
385,142,243
386,142,244
387,142,245
388,143,245
389,144,245
390,144,246
391,144,247
392,144,248
393,144,249
394,144,250
395,144,251
396,145,251
397,145,252
398,145,253
399,146,253
400,147,253
401,147,254
402,147,255
403,147,256
404,148,256
405,149,256
406,149,257
407,150,257
408,150,258
409,150,259
410,150,260
411,150,261
412,150,262
413,150,263
414,150,264
415,150,265
416,150,266
417,151,266
418,151,267
419,152,267
420,153,267
421,154,267
422,155,267
423,155,268
424,155,269
425,155,270
426,156,270
427,156,271
428,156,272
429,156,273
430,156,274
431,157,274
432,157,275
433,158,275
434,158,276
435,158,277
436,158,278
437,159,278
438,159,279
439,159,280
440,159,281
441,159,282
442,159,283
443,160,283
444,160,284
445,161,284
446,161,285
447,161,286
448,161,287
449,161,288
450,162,288
451,162,289
452,163,289
453,163,290
454,164,290
455,164,291
456,164,292
457,164,293
458,165,293
459,165,294
460,165,295
461,165,296
462,166,296
463,167,296
464,167,297
465,167,298
466,168,298
467,168,299
468,169,299
469,169,300
470,170,300
471,170,301
472,170,302
473,170,303
474,170,304
475,170,305
476,170,306
477,171,306
478,171,307
479,171,308
480,171,309
481,172,309
482,173,309
483,173,310
484,174,310
485,174,311
486,174,312
487,174,313
488,174,314
489,174,315
490,174,316
491,175,316
492,175,317
493,175,318
494,175,319
495,175,320
496,176,320
497,177,320
498,178,320
499,178,321
500,179,321
