1,1,0
2,1,1
3,2,1
4,2,2
5,3,2
6,3,3
7,3,4
8,3,5
9,3,6
10,3,7
11,3,8
12,4,8
13,4,9
14,5,9
15,6,9
16,6,10
17,6,11
18,6,12
19,7,12
20,8,12
21,9,12
22,9,13
23,10,13
24,10,14
25,10,15
26,11,15
27,11,16
28,12,16
29,13,16
30,13,17
31,14,17
32,15,17
33,15,18
34,16,18
35,16,19
36,17,19
37,17,20
38,17,21
39,17,22
40,18,22
41,18,23
42,19,23
43,20,23
44,21,23
45,22,23
46,23,23
47,23,24
48,24,24
49,24,25
50,25,25
51,26,25
52,26,26
53,27,26
54,28,26
55,29,26
56,29,27
57,30,27
58,31,27
59,31,28
60,32,28
61,33,28
62,34,28
63,35,28
64,36,28
65,36,29
66,36,30
67,36,31
68,37,31
69,37,32
70,37,33
71,37,34
72,38,34
73,38,35
74,38,36
75,39,36
76,40,36
77,41,36
78,42,36
79,42,37
80,43,37
81,43,38
82,43,39
83,43,40
84,44,40
85,44,41
86,45,41
87,45,42
88,45,43
89,46,43
90,46,44
91,47,44
92,48,44
93,49,44
94,50,44
95,50,45
96,50,46
97,50,47
98,51,47
99,52,47
100,53,47
101,54,47
102,55,47
103,55,48
104,56,48
105,56,49
106,56,50
107,57,50
108,58,50
109,59,50
110,59,51
111,60,51
112,61,51
113,61,52
114,61,53
115,62,53
116,62,54
117,62,55
118,63,55
119,63,56
120,64,56
121,65,56
122,65,57
123,66,57
124,66,58
125,67,58
126,68,58
127,68,59
128,69,59
129,69,60
130,69,61
131,69,62
132,69,63
133,69,64
134,69,65
135,69,66
136,69,67
137,70,67
138,70,68
139,70,69
140,71,69
141,72,69
142,73,69
143,73,70
144,73,71
145,73,72
146,74,72
147,75,72
148,76,72
149,76,73
150,76,74
151,77,74
152,78,74
153,78,75
154,78,76
155,79,76
156,79,77
157,79,78
158,79,79
159,80,79
160,80,80
161,81,80
162,81,81
163,82,81
164,82,82
165,82,83
166,83,83
167,84,83
168,84,84
169,84,85
170,84,86
171,84,87
172,84,88
173,85,88
174,86,88
175,87,88
176,87,89
177,87,90
178,88,90
179,89,90
180,90,90
181,91,90
182,92,90
183,93,90
184,93,91
185,94,91
186,95,91
187,96,91
188,96,92
189,96,93
190,97,93
191,98,93
192,99,93
193,99,94
194,99,95
195,99,96
196,100,96
197,101,96
198,101,97
199,101,98
200,102,98
201,103,98
202,104,98
203,104,99
204,104,100
205,104,101
206,105,101
207,105,102
208,106,102
209,107,102
210,107,103
211,108,103
212,108,104
213,108,105
214,108,106
215,108,107
216,109,107
217,110,107
218,111,107
219,111,108
220,112,108
221,113,108
222,113,109
223,113,110
224,114,110
225,115,110
226,115,111
227,116,111
228,116,112
229,117,112
230,118,112
231,118,113
232,119,113
233,120,113
234,120,114
235,121,114
236,121,115
237,122,115
238,122,116
239,123,116
240,124,116
241,125,116
242,125,117
243,125,118
244,126,118
245,127,118
246,127,119
247,127,120
248,128,120
249,128,121
250,128,122
251,129,122
252,130,122
253,130,123
254,131,123
255,132,123
256,132,124
257,132,125
258,133,125
259,133,126
260,133,127
261,133,128
262,134,128
263,135,128
264,136,128
265,136,129
266,136,130
267,137,130
268,137,131
269,138,131
270,139,131
271,139,132
272,139,133
273,140,133
274,140,134
275,141,134
276,142,134
277,142,135
278,142,136
279,142,137
280,143,137
281,143,138
282,144,138
283,144,139
284,145,139
285,145,140
286,146,140
287,147,140
288,148,140
289,149,140
290,149,141
291,149,142
292,150,142
293,151,142
294,151,143
295,151,144
296,152,144
297,152,145
298,153,145
299,153,146
300,154,146
301,155,146
302,156,146
303,157,146
304,157,147
305,158,147
306,158,148
307,158,149
308,159,149
309,160,149
310,161,149
311,161,150
312,162,150
313,162,151
314,162,152
315,162,153
316,163,153
317,164,153
318,165,153
319,166,153
320,167,153
321,167,154
322,168,154
323,168,155
324,168,156
325,168,157
326,168,158
327,169,158
328,170,158
329,171,158
330,171,159
331,172,159
332,172,160
333,172,161
334,172,162
335,172,163
336,172,164
337,173,164
338,173,165
339,174,165
340,174,166
341,175,166
342,176,166
343,177,166
344,178,166
345,178,167
346,179,167
347,180,167
348,181,167
349,182,167
350,182,168
351,183,168
352,184,168
353,184,169
354,184,170
355,185,170
356,186,170
357,186,171
358,187,171
359,187,172
360,187,173
361,187,174
362,188,174
363,189,174
364,189,175
365,190,175
366,191,175
367,192,175
368,192,176
369,193,176
370,193,177
371,193,178
372,194,178
373,195,178
374,196,178
375,197,178
376,197,179
377,197,180
378,198,180
379,199,180
380,199,181
381,199,182
382,199,183
383,200,183
384,201,183
385,201,184
386,201,185
387,201,186
388,201,187
389,201,188
390,201,189
391,201,190
392,202,190
393,202,191
394,202,192
395,202,193
396,203,193
397,204,193
398,205,193
399,205,194
400,206,194
401,206,195
402,206,196
403,206,197
404,207,197
405,208,197
406,208,198
407,208,199
408,208,200
409,209,200
410,210,200
411,211,200
412,211,201
413,212,201
414,212,202
415,213,202
416,213,203
417,214,203
418,214,204
419,214,205
420,215,205
421,216,205
422,217,205
423,218,205
424,218,206
425,219,206
426,220,206
427,220,207
428,221,207
429,222,207
430,222,208
431,223,208
432,223,209
433,223,210
434,223,211
435,223,212
436,223,213
437,224,213
438,225,213
439,225,214
440,226,214
441,227,214
442,227,215
443,227,216
444,228,216
445,228,217
446,229,217
447,229,218
448,230,218
449,230,219
450,230,220
451,231,220
452,231,221
453,232,221
454,232,222
455,233,222
456,233,223
457,233,224
458,233,225
459,234,225
460,235,225
461,235,226
462,235,227
463,235,228
464,235,229
465,235,230
466,236,230
467,237,230
468,238,230
469,239,230
470,240,230
471,241,230
472,242,230
473,243,230
474,244,230
475,245,230
476,245,231
477,246,231
478,246,232
479,247,232
480,248,232
481,249,232
482,249,233
483,250,233
484,251,233
485,251,234
486,252,234
487,253,234
488,254,234
489,254,235
490,254,236
491,255,236
492,255,237
493,255,238
494,256,238
495,256,239
496,256,240
497,256,241
498,256,242
499,256,243
500,256,244
