1,0,1
2,0,2
3,0,3
4,1,3
5,1,4
6,1,5
7,1,6
8,2,6
9,2,7
10,3,7
11,3,8
12,4,8
13,5,8
14,5,9
15,5,10
16,5,11
17,5,12
18,5,13
19,5,14
20,6,14
21,6,15
22,6,16
23,7,16
24,8,16
25,8,17
26,9,17
27,9,18
28,9,19
29,10,19
30,11,19
31,12,19
32,12,20
33,12,21
34,12,22
35,13,22
36,13,23
37,14,23
38,15,23
39,16,23
40,16,24
41,16,25
42,17,25
43,17,26
44,18,26
45,18,27
46,18,28
47,18,29
48,18,30
49,19,30
50,19,31
51,20,31
52,20,32
53,21,32
54,21,33
55,21,34
56,22,34
57,22,35
58,23,35
59,23,36
60,24,36
61,24,37
62,24,38
63,25,38
64,26,38
65,26,39
66,27,39
67,28,39
68,29,39
69,30,39
70,31,39
71,31,40
72,31,41
73,31,42
74,32,42
75,32,43
76,33,43
77,34,43
78,34,44
79,34,45
80,35,45
81,36,45
82,36,46
83,36,47
84,36,48
85,37,48
86,37,49
87,38,49
88,38,50
89,39,50
90,39,51
91,39,52
92,39,53
93,40,53
94,41,53
95,41,54
96,41,55
97,42,55
98,43,55
99,44,55
100,44,56
101,45,56
102,46,56
103,47,56
104,48,56
105,49,56
106,50,56
107,51,56
108,51,57
109,51,58
110,52,58
111,52,59
112,53,59
113,53,60
114,54,60
115,54,61
116,54,62
117,55,62
118,55,63
119,55,64
120,55,65
121,55,66
122,55,67
123,56,67
124,57,67
125,57,68
126,57,69
127,57,70
128,57,71
129,57,72
130,57,73
131,58,73
132,59,73
133,59,74
134,59,75
135,60,75
136,60,76
137,60,77
138,61,77
139,62,77
140,62,78
141,63,78
142,63,79
143,64,79
144,65,79
145,66,79
146,67,79
147,67,80
148,67,81
149,68,81
150,68,82
151,68,83
152,69,83
153,69,84
154,69,85
155,69,86
156,69,87
157,70,87
158,71,87
159,72,87
160,72,88
161,72,89
162,73,89
163,73,90
164,74,90
165,75,90
166,75,91
167,75,92
168,76,92
169,76,93
170,76,94
171,76,95
172,77,95
173,77,96
174,77,97
175,78,97
176,78,98
177,79,98
178,80,98
179,81,98
180,82,98
181,82,99
182,83,99
183,84,99
184,84,100
185,85,100
186,85,101
187,85,102
188,86,102
189,86,103
190,86,104
191,86,105
192,87,105
193,88,105
194,88,106
195,88,107
196,89,107
197,89,108
198,89,109
199,90,109
200,90,110
201,91,110
202,92,110
203,92,111
204,92,112
205,93,112
206,94,112
207,94,113
208,95,113
209,95,114
210,96,114
211,97,114
212,97,115
213,98,115
214,98,116
215,99,116
216,99,117
217,100,117
218,101,117
219,101,118
220,102,118
221,102,119
222,103,119
223,103,120
224,104,120
225,104,121
226,105,121
227,106,121
228,106,122
229,107,122
230,108,122
231,109,122
232,110,122
233,110,123
234,110,124
235,111,124
236,111,125
237,111,126
238,112,126
239,112,127
240,112,128
241,112,129
242,112,130
243,113,130
244,114,130
245,114,131
246,115,131
247,115,132
248,115,133
249,116,133
250,116,134
251,116,135
252,116,136
253,117,136
254,118,136
255,119,136
256,119,137
257,120,137
258,121,137
259,122,137
260,123,137
261,123,138
262,124,138
263,125,138
264,125,139
265,125,140
266,125,141
267,125,142
268,126,142
269,127,142
270,128,142
271,128,143
272,129,143
273,129,144
274,130,144
275,131,144
276,131,145
277,132,145
278,132,146
279,132,147
280,132,148
281,132,149
282,132,150
283,133,150
284,134,150
285,134,151
286,134,152
287,135,152
288,136,152
289,137,152
290,138,152
291,138,153
292,139,153
293,140,153
294,140,154
295,140,155
296,141,155
297,141,156
298,142,156
299,142,157
300,143,157
301,143,158
302,143,159
303,143,160
304,144,160
305,145,160
306,145,161
307,146,161
308,146,162
309,147,162
310,148,162
311,149,162
312,149,163
313,150,163
314,151,163
315,152,163
316,152,164
317,153,164
318,153,165
319,153,166
320,154,166
321,155,166
322,156,166
323,156,167
324,156,168
325,157,168
326,157,169
327,158,169
328,159,169
329,159,170
330,159,171
331,160,171
332,160,172
333,160,173
334,161,173
335,161,174
336,161,175
337,162,175
338,163,175
339,163,176
340,163,177
341,163,178
342,163,179
343,163,180
344,164,180
345,165,180
346,166,180
347,166,181
348,166,182
349,167,182
350,168,182
351,169,182
352,170,182
353,170,183
354,170,184
355,170,185
356,170,186
357,170,187
358,170,188
359,170,189
360,171,189
361,172,189
362,172,190
363,173,190
364,173,191
365,174,191
366,175,191
367,175,192
368,175,193
369,176,193
370,176,194
371,177,194
372,178,194
373,178,195
374,178,196
375,178,197
376,179,197
377,179,198
378,179,199
379,179,200
380,179,201
381,180,201
382,181,201
383,181,202
384,182,202
385,183,202
386,183,203
387,184,203
388,185,203
389,185,204
390,185,205
391,185,206
392,186,206
393,187,206
394,187,207
395,188,207
396,188,208
397,189,208
398,189,209
399,190,209
400,191,209
401,192,209
402,192,210
403,193,210
404,193,211
405,194,211
406,194,212
407,195,212
408,196,212
409,197,212
410,198,212
411,199,212
412,199,213
413,199,214
414,200,214
415,200,215
416,201,215
417,201,216
418,201,217
419,202,217
420,202,218
421,202,219
422,203,219
423,203,220
424,204,220
425,204,221
426,204,222
427,205,222
428,206,222
429,207,222
430,207,223
431,208,223
432,209,223
433,209,224
434,210,224
435,210,225
436,211,225
437,211,226
438,211,227
439,211,228
440,211,229
441,212,229
442,213,229
443,213,230
444,214,230
445,214,231
446,214,232
447,215,232
448,215,233
449,215,234
450,215,235
451,216,235
452,217,235
453,218,235
454,218,236
455,218,237
456,219,237
457,220,237
458,220,238
459,220,239
460,220,240
461,221,240
462,222,240
463,222,241
464,222,242
465,223,242
466,223,243
467,224,243
468,224,244
469,225,244
470,226,244
471,227,244
472,227,245
473,228,245
474,228,246
475,228,247
476,229,247
477,230,247
478,230,248
479,230,249
480,230,250
481,231,250
482,232,250
483,232,251
484,233,251
485,233,252
486,234,252
487,235,252
488,235,253
489,235,254
490,235,255
491,236,255
492,237,255
493,238,255
494,238,256
495,239,256
496,240,256
497,240,257
498,240,258
499,241,258
500,241,259
501,241,260
502,242,260
503,243,260
504,243,261
505,244,261
506,245,261
507,246,261
508,247,261
509,248,261
510,248,262
511,249,262
512,250,262
513,250,263
514,250,264
515,251,264
516,252,264
517,252,265
518,253,265
519,254,265
520,255,265
521,256,265
522,256,266
523,257,266
524,257,267
525,257,268
526,258,268
527,259,268
528,259,269
529,259,270
530,260,270
531,261,270
532,261,271
533,261,272
534,262,272
535,263,272
536,263,273
537,264,273
538,265,273
539,266,273
540,266,274
541,266,275
542,267,275
543,267,276
544,268,276
545,269,276
546,269,277
547,269,278
548,270,278
549,270,279
550,271,279
551,271,280
552,272,280
553,272,281
554,273,281
555,274,281
556,275,281
557,275,282
558,276,282
559,277,282
560,277,283
561,278,283
562,279,283
563,279,284
564,279,285
565,280,285
566,281,285
567,281,286
568,282,286
569,283,286
570,284,286
571,284,287
572,284,288
573,284,289
574,285,289
575,285,290
576,285,291
577,286,291
578,286,292
579,287,292
580,288,292
581,289,292
582,289,293
583,289,294
584,289,295
585,290,295
586,291,295
587,291,296
588,291,297
589,292,297
590,293,297
591,293,298
592,294,298
593,294,299
594,294,300
595,294,301
596,295,301
597,296,301
598,296,302
599,296,303
600,296,304
601,297,304
602,298,304
603,298,305
604,299,305
605,300,305
606,300,306
607,301,306
608,301,307
609,302,307
610,302,308
611,302,309
612,302,310
613,303,310
614,304,310
615,305,310
616,305,311
617,305,312
618,306,312
619,307,312
620,307,313
621,307,314
622,307,315
623,308,315
624,309,315
625,309,316
626,310,316
627,310,317
628,310,318
629,311,318
630,312,318
631,313,318
632,314,318
633,314,319
634,314,320
635,314,321
636,314,322
637,314,323
638,315,323
639,316,323
640,317,323
641,318,323
642,318,324
643,318,325
644,318,326
645,319,326
646,320,326
647,321,326
648,322,326
649,323,326
650,324,326
651,324,327
652,325,327
653,326,327
654,326,328
655,327,328
656,328,328
657,329,328
658,329,329
659,330,329
660,330,330
661,331,330
662,331,331
663,331,332
664,332,332
665,332,333
666,333,333
667,333,334
668,334,334
669,335,334
670,335,335
671,336,335
672,336,336
673,336,337
674,337,337
675,337,338
676,338,338
677,338,339
678,338,340
679,339,340
680,340,340
681,340,341
682,341,341
683,341,342
684,342,342
685,343,342
686,344,342
687,344,343
688,344,344
689,344,345
690,345,345
691,346,345
692,346,346
693,347,346
694,347,347
695,348,347
696,348,348
697,348,349
698,349,349
699,350,349
700,350,350
701,350,351
702,350,352
703,351,352
704,352,352
705,352,353
706,353,353
707,353,354
708,353,355
709,354,355
710,354,356
711,354,357
712,355,357
713,356,357
714,356,358
715,356,359
716,357,359
717,358,359
718,358,360
719,358,361
720,359,361
721,360,361
722,360,362
723,361,362
724,361,363
725,361,364
726,361,365
727,361,366
728,362,366
729,363,366
730,364,366
731,365,366
732,366,366
733,367,366
734,368,366
735,368,367
736,369,367
737,370,367
738,371,367
739,371,368
740,372,368
741,373,368
742,373,369
743,374,369
744,375,369
745,375,370
746,375,371
747,375,372
748,375,373
749,376,373
750,377,373
751,378,373
752,378,374
753,379,374
754,380,374
755,380,375
756,380,376
757,381,376
758,382,376
759,383,376
760,383,377
761,384,377
762,385,377
763,385,378
764,386,378
765,386,379
766,386,380
767,387,380
768,388,380
769,388,381
770,389,381
771,389,382
772,390,382
773,391,382
774,391,383
775,391,384
776,392,384
777,393,384
778,393,385
779,393,386
780,394,386
781,395,386
782,396,386
783,396,387
784,397,387
785,397,388
786,398,388
787,399,388
788,400,388
789,400,389
790,401,389
791,402,389
792,403,389
793,404,389
794,405,389
795,405,390
796,405,391
797,406,391
798,407,391
799,407,392
800,408,392
801,408,393
802,408,394
803,408,395
804,409,395
805,409,396
806,409,397
807,410,397
808,410,398
809,410,399
810,410,400
811,411,400
812,412,400
813,412,401
814,413,401
815,414,401
816,415,401
817,416,401
818,417,401
819,417,402
820,417,403
821,418,403
822,419,403
823,419,404
824,419,405
825,420,405
826,421,405
827,421,406
828,421,407
829,421,408
830,422,408
831,422,409
832,422,410
833,423,410
834,423,411
835,424,411
836,424,412
837,424,413
838,425,413
839,425,414
840,425,415
841,426,415
842,426,416
843,427,416
844,427,417
845,427,418
846,427,419
847,427,420
848,427,421
849,428,421
850,428,422
851,429,422
852,430,422
853,431,422
854,431,423
855,432,423
856,432,424
857,433,424
858,433,425
859,433,426
860,434,426
861,435,426
862,435,427
863,435,428
864,435,429
865,436,429
866,436,430
867,437,430
868,437,431
869,438,431
870,438,432
871,438,433
872,439,433
873,440,433
874,440,434
875,441,434
876,442,434
877,443,434
878,444,434
879,444,435
880,444,436
881,444,437
882,444,438
883,444,439
884,445,439
885,446,439
886,446,440
887,446,441
888,446,442
889,446,443
890,447,443
891,447,444
892,448,444
893,449,444
894,450,444
895,450,445
896,451,445
897,452,445
898,452,446
899,452,447
900,452,448
901,452,449
902,453,449
903,453,450
904,453,451
905,453,452
906,454,452
907,455,452
908,455,453
909,455,454
910,455,455
911,456,455
912,457,455
913,457,456
914,457,457
915,457,458
916,457,459
917,458,459
918,458,460
919,459,460
920,459,461
921,460,461
922,461,461
923,462,461
924,463,461
925,464,461
926,464,462
927,465,462
928,465,463
929,465,464
930,466,464
931,467,464
932,468,464
933,469,464
934,470,464
935,471,464
936,471,465
937,472,465
938,472,466
939,472,467
940,473,467
941,474,467
942,474,468
943,474,469
944,474,470
945,475,470
946,475,471
947,476,471
948,476,472
949,477,472
950,477,473
951,478,473
952,479,473
953,479,474
954,480,474
955,481,474
956,482,474
957,482,475
958,483,475
959,484,475
960,484,476
961,484,477
962,484,478
963,485,478
964,485,479
965,486,479
966,486,480
967,487,480
968,488,480
969,489,480
970,490,480
971,490,481
972,491,481
973,491,482
974,492,482
975,492,483
976,493,483
977,493,484
978,494,484
979,495,484
980,495,485
981,496,485
982,497,485
983,498,485
984,499,485
985,500,485
986,500,486
987,501,486
988,502,486
989,503,486
990,504,486
991,505,486
992,506,486
993,507,486
994,508,486
995,509,486
996,510,486
997,511,486
998,512,486
999,513,486
1000,514,486
