1,1,0
2,1,1
3,1,2
4,1,3
5,2,3
6,3,3
7,3,4
8,4,4
9,4,5
10,4,6
11,4,7
12,4,8
13,5,8
14,5,9
15,5,10
16,5,11
17,5,12
18,5,13
19,5,14
20,6,14
21,6,15
22,7,15
23,8,15
24,9,15
25,9,16
26,9,17
27,10,17
28,11,17
29,11,18
30,12,18
31,12,19
32,12,20
33,13,20
34,14,20
35,15,20
36,15,21
37,15,22
38,15,23
39,16,23
40,17,23
41,17,24
42,17,25
43,18,25
44,18,26
45,19,26
46,20,26
47,20,27
48,20,28
49,20,29
50,21,29
51,21,30
52,21,31
53,21,32
54,21,33
55,21,34
56,21,35
57,21,36
58,21,37
59,21,38
60,22,38
61,22,39
62,23,39
63,23,40
64,23,41
65,23,42
66,24,42
67,25,42
68,26,42
69,26,43
70,27,43
71,27,44
72,27,45
73,27,46
74,27,47
75,28,47
76,29,47
77,30,47
78,30,48
79,30,49
80,30,50
81,31,50
82,31,51
83,32,51
84,32,52
85,33,52
86,34,52
87,34,53
88,35,53
89,35,54
90,35,55
91,36,55
92,37,55
93,37,56
94,38,56
95,38,57
96,38,58
97,38,59
98,38,60
99,39,60
100,39,61
101,39,62
102,40,62
103,40,63
104,41,63
105,41,64
106,42,64
107,43,64
108,44,64
109,44,65
110,44,66
111,45,66
112,45,67
113,45,68
114,46,68
115,46,69
116,47,69
117,48,69
118,48,70
119,49,70
120,50,70
121,51,70
122,51,71
123,51,72
124,51,73
125,52,73
126,53,73
127,54,73
128,55,73
129,55,74
130,55,75
131,56,75
132,56,76
133,57,76
134,57,77
135,57,78
136,57,79
137,58,79
138,59,79
139,60,79
140,60,80
141,61,80
142,61,81
143,61,82
144,61,83
145,62,83
146,62,84
147,62,85
148,63,85
149,64,85
150,64,86
151,65,86
152,65,87
153,66,87
154,66,88
155,67,88
156,67,89
157,68,89
158,68,90
159,68,91
160,68,92
161,69,92
162,69,93
163,70,93
164,70,94
165,70,95
166,71,95
167,72,95
168,72,96
169,72,97
170,72,98
171,72,99
172,72,100
173,72,101
174,73,101
175,73,102
176,74,102
177,74,103
178,74,104
179,75,104
180,76,104
181,76,105
182,76,106
183,76,107
184,77,107
185,77,108
186,77,109
187,77,110
188,78,110
189,79,110
190,79,111
191,79,112
192,79,113
193,79,114
194,79,115
195,80,115
196,80,116
197,81,116
198,81,117
199,81,118
200,81,119
201,82,119
202,82,120
203,82,121
204,82,122
205,83,122
206,83,123
207,83,124
208,84,124
209,84,125
210,85,125
211,86,125
212,87,125
213,87,126
214,87,127
215,88,127
216,88,128
217,89,128
218,89,129
219,90,129
220,91,129
221,91,130
222,92,130
223,92,131
224,92,132
225,93,132
226,94,132
227,94,133
228,95,133
229,95,134
230,96,134
231,97,134
232,97,135
233,97,136
234,97,137
235,97,138
236,97,139
237,97,140
238,97,141
239,98,141
240,99,141
241,100,141
242,100,142
243,101,142
244,102,142
245,102,143
246,103,143
247,103,144
248,104,144
249,104,145
250,104,146
251,104,147
252,104,148
253,104,149
254,105,149
255,105,150
256,105,151
257,105,152
258,105,153
259,105,154
260,106,154
261,107,154
262,107,155
263,107,156
264,108,156
265,109,156
266,110,156
267,110,157
268,111,157
269,111,158
270,112,158
271,112,159
272,113,159
273,113,160
274,113,161
275,114,161
276,114,162
277,115,162
278,115,163
279,115,164
280,116,164
281,117,164
282,118,164
283,118,165
284,119,165
285,120,165
286,120,166
287,120,167
288,121,167
289,122,167
290,123,167
291,123,168
292,124,168
293,124,169
294,124,170
295,124,171
296,125,171
297,125,172
298,125,173
299,125,174
300,125,175
301,126,175
302,127,175
303,127,176
304,128,176
305,129,176
306,130,176
307,130,177
308,131,177
309,131,178
310,132,178
311,133,178
312,134,178
313,135,178
314,136,178
315,137,178
316,138,178
317,139,178
318,139,179
319,140,179
320,141,179
321,141,180
322,141,181
323,141,182
324,142,182
325,142,183
326,142,184
327,142,185
328,143,185
329,143,186
330,144,186
331,145,186
332,146,186
333,146,187
334,147,187
335,147,188
336,148,188
337,148,189
338,148,190
339,148,191
340,148,192
341,149,192
342,149,193
343,149,194
344,149,195
345,150,195
346,151,195
347,151,196
348,152,196
349,152,197
350,152,198
351,152,199
352,153,199
353,154,199
354,155,199
355,156,199
356,157,199
357,157,200
358,157,201
359,158,201
360,158,202
361,159,202
362,159,203
363,160,203
364,160,204
365,160,205
366,161,205
367,162,205
368,162,206
369,163,206
370,163,207
371,163,208
372,164,208
373,164,209
374,165,209
375,165,210
376,165,211
377,166,211
378,167,211
379,167,212
380,168,212
381,168,213
382,168,214
383,168,215
384,169,215
385,169,216
386,170,216
387,171,216
388,171,217
389,171,218
390,172,218
391,173,218
392,174,218
393,175,218
394,175,219
395,175,220
396,175,221
397,176,221
398,176,222
399,177,222
400,178,222
401,178,223
402,178,224
403,179,224
404,180,224
405,180,225
406,181,225
407,182,225
408,182,226
409,183,226
410,183,227
411,183,228
412,183,229
413,184,229
414,184,230
415,185,230
416,186,230
417,186,231
418,186,232
419,186,233
420,186,234
421,186,235
422,187,235
423,187,236
424,187,237
425,188,237
426,189,237
427,189,238
428,189,239
429,189,240
430,189,241
431,189,242
432,189,243
433,189,244
434,189,245
435,189,246
436,189,247
437,190,247
438,190,248
439,191,248
440,191,249
441,192,249
442,192,250
443,192,251
444,193,251
445,193,252
446,194,252
447,194,253
448,194,254
449,195,254
450,195,255
451,195,256
452,196,256
453,197,256
454,198,256
455,199,256
456,199,257
457,199,258
458,199,259
459,199,260
460,199,261
461,200,261
462,200,262
463,200,263
464,200,264
465,200,265
466,200,266
467,201,266
468,201,267
469,201,268
470,201,269
471,202,269
472,202,270
473,203,270
474,203,271
475,203,272
476,203,273
477,203,274
478,203,275
479,204,275
480,205,275
481,205,276
482,205,277
483,206,277
484,207,277
485,207,278
486,208,278
487,209,278
488,209,279
489,210,279
490,210,280
491,210,281
492,210,282
493,211,282
494,211,283
495,212,283
496,212,284
497,212,285
498,212,286
499,213,286
500,213,287
