1,1,0
2,1,1
3,2,1
4,2,2
5,3,2
6,3,3
7,3,4
8,3,5
9,4,5
10,5,5
11,5,6
12,5,7
13,6,7
14,6,8
15,7,8
16,8,8
17,8,9
18,9,9
19,10,9
20,11,9
21,11,10
22,11,11
23,12,11
24,13,11
25,13,12
26,13,13
27,13,14
28,14,14
29,15,14
30,16,14
31,17,14
32,17,15
33,17,16
34,17,17
35,17,18
36,17,19
37,17,20
38,17,21
39,17,22
40,18,22
41,18,23
42,19,23
43,19,24
44,19,25
45,20,25
46,21,25
47,22,25
48,23,25
49,23,26
50,23,27
51,23,28
52,23,29
53,24,29
54,25,29
55,25,30
56,26,30
57,26,31
58,26,32
59,26,33
60,26,34
61,26,35
62,26,36
63,26,37
64,27,37
65,28,37
66,28,38
67,28,39
68,28,40
69,28,41
70,28,42
71,28,43
72,28,44
73,28,45
74,29,45
75,29,46
76,29,47
77,30,47
78,31,47
79,31,48
80,31,49
81,31,50
82,31,51
83,32,51
84,32,52
85,33,52
86,33,53
87,33,54
88,34,54
89,34,55
90,34,56
91,35,56
92,35,57
93,35,58
94,36,58
95,37,58
96,37,59
97,38,59
98,38,60
99,38,61
100,38,62
101,38,63
102,38,64
103,39,64
104,40,64
105,40,65
106,41,65
107,41,66
108,41,67
109,41,68
110,41,69
111,42,69
112,43,69
113,43,70
114,43,71
115,43,72
116,43,73
117,43,74
118,43,75
119,44,75
120,44,76
121,44,77
122,45,77
123,46,77
124,47,77
125,47,78
126,47,79
127,47,80
128,48,80
129,48,81
130,48,82
131,48,83
132,49,83
133,50,83
134,50,84
135,51,84
136,52,84
137,52,85
138,53,85
139,53,86
140,54,86
141,54,87
142,54,88
143,55,88
144,55,89
145,56,89
146,56,90
147,57,90
148,57,91
149,58,91
150,59,91
151,59,92
152,59,93
153,59,94
154,60,94
155,60,95
156,60,96
157,60,97
158,60,98
159,60,99
160,60,100
161,60,101
162,60,102
163,61,102
164,62,102
165,63,102
166,63,103
167,64,103
168,64,104
169,65,104
170,66,104
171,67,104
172,67,105
173,67,106
174,67,107
175,68,107
176,69,107
177,69,108
178,69,109
179,69,110
180,69,111
181,69,112
182,69,113
183,70,113
184,71,113
185,71,114
186,71,115
187,71,116
188,72,116
189,72,117
190,72,118
191,72,119
192,73,119
193,74,119
194,75,119
195,76,119
196,76,120
197,76,121
198,77,121
199,78,121
200,79,121
201,79,122
202,80,122
203,80,123
204,81,123
205,82,123
206,83,123
207,83,124
208,83,125
209,83,126
210,84,126
211,85,126
212,86,126
213,86,127
214,86,128
215,87,128
216,87,129
217,87,130
218,88,130
219,89,130
220,89,131
221,89,132
222,89,133
223,90,133
224,90,134
225,90,135
226,91,135
227,92,135
228,92,136
229,93,136
230,94,136
231,94,137
232,95,137
233,95,138
234,95,139
235,95,140
236,95,141
237,95,142
238,95,143
239,95,144
240,95,145
241,95,146
242,95,147
243,95,148
244,95,149
245,95,150
246,96,150
247,97,150
248,97,151
249,98,151
250,98,152
251,98,153
252,99,153
253,100,153
254,100,154
255,101,154
256,101,155
257,101,156
258,102,156
259,102,157
260,102,158
261,102,159
262,102,160
263,102,161
264,103,161
265,104,161
266,104,162
267,104,163
268,104,164
269,105,164
270,105,165
271,105,166
272,105,167
273,106,167
274,106,168
275,107,168
276,108,168
277,109,168
278,109,169
279,109,170
280,109,171
281,109,172
282,110,172
283,111,172
284,112,172
285,113,172
286,114,172
287,114,173
288,114,174
289,115,174
290,115,175
291,115,176
292,116,176
293,116,177
294,117,177
295,118,177
296,119,177
297,120,177
298,121,177
299,122,177
300,122,178
301,122,179
302,123,179
303,123,180
304,123,181
305,123,182
306,123,183
307,124,183
308,124,184
309,124,185
310,124,186
311,125,186
312,126,186
313,127,186
314,127,187
315,127,188
316,127,189
317,127,190
318,128,190
319,129,190
320,130,190
321,130,191
322,130,192
323,131,192
324,131,193
325,131,194
326,131,195
327,131,196
328,131,197
329,131,198
330,131,199
331,132,199
332,133,199
333,134,199
334,134,200
335,134,201
336,134,202
337,134,203
338,134,204
339,135,204
340,136,204
341,136,205
342,136,206
343,137,206
344,137,207
345,138,207
346,139,207
347,139,208
348,139,209
349,139,210
350,140,210
351,141,210
352,142,210
353,142,211
354,142,212
355,142,213
356,143,213
357,143,214
358,143,215
359,143,216
360,143,217
361,143,218
362,144,218
363,145,218
364,146,218
365,146,219
366,147,219
367,148,219
368,148,220
369,148,221
370,148,222
371,148,223
372,149,223
373,149,224
374,149,225
375,150,225
376,150,226
377,151,226
378,152,226
379,153,226
380,154,226
381,155,226
382,155,227
383,156,227
384,157,227
385,157,228
386,157,229
387,157,230
388,157,231
389,158,231
390,158,232
391,158,233
392,159,233
393,159,234
394,160,234
395,161,234
396,161,235
397,161,236
398,162,236
399,163,236
400,164,236
401,164,237
402,165,237
403,166,237
404,166,238
405,166,239
406,167,239
407,167,240
408,167,241
409,168,241
410,168,242
411,169,242
412,169,243
413,170,243
414,170,244
415,170,245
416,171,245
417,171,246
418,172,246
419,173,246
420,173,247
421,173,248
422,173,249
423,173,250
424,173,251
425,173,252
426,173,253
427,173,254
428,173,255
429,174,255
430,174,256
431,174,257
432,175,257
433,176,257
434,176,258
435,177,258
436,178,258
437,178,259
438,179,259
439,179,260
440,179,261
441,179,262
442,180,262
443,181,262
444,182,262
445,182,263
446,182,264
447,182,265
448,182,266
449,183,266
450,183,267
451,183,268
452,184,268
453,184,269
454,185,269
455,186,269
456,187,269
457,187,270
458,187,271
459,187,272
460,187,273
461,187,274
462,187,275
463,187,276
464,188,276
465,188,277
466,189,277
467,190,277
468,191,277
469,191,278
470,191,279
471,192,279
472,192,280
473,192,281
474,192,282
475,192,283
476,192,284
477,192,285
478,193,285
479,193,286
480,193,287
481,193,288
482,194,288
483,194,289
484,194,290
485,195,290
486,195,291
487,195,292
488,195,293
489,196,293
490,196,294
491,197,294
492,198,294
493,199,294
494,200,294
495,201,294
496,202,294
497,203,294
498,204,294
499,205,294
500,206,294
