1,1,0
2,1,1
3,1,2
4,2,2
5,3,2
6,3,3
7,3,4
8,4,4
9,5,4
10,5,5
11,5,6
12,5,7
13,6,7
14,7,7
15,8,7
16,9,7
17,9,8
18,9,9
19,9,10
20,9,11
21,9,12
22,9,13
23,9,14
24,9,15
25,10,15
26,11,15
27,12,15
28,12,16
29,12,17
30,12,18
31,12,19
32,13,19
33,14,19
34,14,20
35,14,21
36,15,21
37,16,21
38,17,21
39,17,22
40,17,23
41,18,23
42,19,23
43,19,24
44,20,24
45,21,24
46,21,25
47,21,26
48,21,27
49,21,28
50,21,29
51,21,30
52,22,30
53,22,31
54,22,32
55,23,32
56,24,32
57,25,32
58,26,32
59,27,32
60,28,32
61,29,32
62,30,32
63,31,32
64,32,32
65,33,32
66,34,32
67,34,33
68,34,34
69,34,35
70,35,35
71,35,36
72,35,37
73,35,38
74,35,39
75,35,40
76,35,41
77,35,42
78,35,43
79,35,44
80,36,44
81,36,45
82,36,46
83,36,47
84,36,48
85,37,48
86,37,49
87,38,49
88,39,49
89,40,49
90,40,50
91,40,51
92,40,52
93,41,52
94,41,53
95,41,54
96,42,54
97,43,54
98,43,55
99,43,56
100,44,56
101,44,57
102,44,58
103,45,58
104,45,59
105,45,60
106,45,61
107,45,62
108,45,63
109,46,63
110,46,64
111,47,64
112,47,65
113,47,66
114,48,66
115,49,66
116,49,67
117,49,68
118,50,68
119,50,69
120,50,70
121,51,70
122,52,70
123,53,70
124,53,71
125,53,72
126,53,73
127,54,73
128,54,74
129,55,74
130,56,74
131,56,75
132,57,75
133,57,76
134,58,76
135,58,77
136,59,77
137,60,77
138,61,77
139,62,77
140,62,78
141,63,78
142,64,78
143,64,79
144,64,80
145,65,80
146,65,81
147,65,82
148,66,82
149,67,82
150,67,83
151,68,83
152,68,84
153,68,85
154,69,85
155,70,85
156,71,85
157,71,86
158,71,87
159,71,88
160,72,88
161,73,88
162,74,88
163,74,89
164,74,90
165,75,90
166,76,90
167,77,90
168,77,91
169,77,92
170,77,93
171,77,94
172,78,94
173,79,94
174,79,95
175,79,96
176,79,97
177,79,98
178,80,98
179,80,99
180,80,100
181,81,100
182,81,101
183,81,102
184,81,103
185,81,104
186,81,105
187,81,106
188,82,106
189,83,106
190,83,107
191,84,107
192,84,108
193,85,108
194,86,108
195,86,109
196,86,110
197,86,111
198,86,112
199,87,112
200,88,112
201,88,113
202,88,114
203,89,114
204,90,114
205,90,115
206,90,116
207,91,116
208,92,116
209,93,116
210,94,116
211,95,116
212,95,117
213,95,118
214,95,119
215,95,120
216,95,121
217,95,122
218,96,122
219,97,122
220,97,123
221,98,123
222,98,124
223,99,124
224,99,125
225,100,125
226,100,126
227,101,126
228,102,126
229,102,127
230,103,127
231,104,127
232,105,127
233,105,128
234,105,129
235,106,129
236,106,130
237,106,131
238,106,132
239,107,132
240,107,133
241,108,133
242,108,134
243,109,134
244,109,135
245,110,135
246,110,136
247,111,136
248,112,136
249,112,137
250,112,138
251,113,138
252,114,138
253,115,138
254,116,138
255,116,139
256,117,139
257,118,139
258,118,140
259,118,141
260,118,142
261,118,143
262,118,144
263,118,145
264,118,146
265,119,146
266,119,147
267,120,147
268,121,147
269,121,148
270,122,148
271,123,148
272,123,149
273,123,150
274,123,151
275,124,151
276,125,151
277,125,152
278,125,153
279,126,153
280,127,153
281,127,154
282,127,155
283,127,156
284,128,156
285,129,156
286,129,157
287,129,158
288,129,159
289,129,160
290,129,161
291,129,162
292,130,162
293,131,162
294,131,163
295,132,163
296,133,163
297,133,164
298,134,164
299,134,165
300,134,166
301,134,167
302,134,168
303,134,169
304,134,170
305,135,170
306,136,170
307,136,171
308,137,171
309,137,172
310,138,172
311,139,172
312,140,172
313,140,173
314,141,173
315,142,173
316,142,174
317,142,175
318,143,175
319,144,175
320,144,176
321,145,176
322,145,177
323,145,178
324,146,178
325,147,178
326,148,178
327,148,179
328,148,180
329,149,180
330,149,181
331,150,181
332,150,182
333,150,183
334,150,184
335,151,184
336,151,185
337,152,185
338,152,186
339,152,187
340,152,188
341,153,188
342,154,188
343,154,189
344,154,190
345,155,190
346,156,190
347,157,190
348,157,191
349,158,191
350,159,191
351,159,192
352,159,193
353,159,194
354,159,195
355,159,196
356,159,197
357,159,198
358,159,199
359,160,199
360,161,199
361,161,200
362,162,200
363,163,200
364,164,200
365,165,200
366,165,201
367,166,201
368,167,201
369,167,202
370,168,202
371,169,202
372,169,203
373,170,203
374,171,203
375,171,204
376,172,204
377,173,204
378,174,204
379,174,205
380,174,206
381,174,207
382,174,208
383,174,209
384,174,210
385,175,210
386,176,210
387,176,211
388,177,211
389,177,212
390,178,212
391,178,213
392,178,214
393,178,215
394,179,215
395,179,216
396,180,216
397,180,217
398,180,218
399,181,218
400,182,218
401,182,219
402,182,220
403,183,220
404,184,220
405,185,220
406,185,221
407,186,221
408,186,222
409,187,222
410,187,223
411,187,224
412,188,224
413,188,225
414,188,226
415,189,226
416,190,226
417,190,227
418,190,228
419,191,228
420,191,229
421,191,230
422,191,231
423,191,232
424,192,232
425,192,233
426,192,234
427,193,234
428,193,235
429,193,236
430,194,236
431,195,236
432,195,237
433,196,237
434,197,237
435,198,237
436,199,237
437,200,237
438,200,238
439,201,238
440,201,239
441,201,240
442,202,240
443,202,241
444,202,242
445,202,243
446,202,244
447,203,244
448,204,244
449,205,244
450,206,244
451,206,245
452,207,245
453,208,245
454,208,246
455,209,246
456,209,247
457,209,248
458,209,249
459,209,250
460,209,251
461,209,252
462,209,253
463,209,254
464,210,254
465,211,254
466,211,255
467,211,256
468,212,256
469,213,256
470,213,257
471,213,258
472,213,259
473,214,259
474,215,259
475,216,259
476,217,259
477,218,259
478,218,260
479,219,260
480,219,261
481,219,262
482,219,263
483,220,263
484,220,264
485,221,264
486,222,264
487,222,265
488,223,265
489,223,266
490,223,267
491,223,268
492,223,269
493,223,270
494,223,271
495,223,272
496,223,273
497,224,273
498,225,273
499,226,273
500,227,273
