1,0,1
2,1,1
3,1,2
4,1,3
5,1,4
6,1,5
7,2,5
8,2,6
9,3,6
10,4,6
11,5,6
12,6,6
13,6,7
14,6,8
15,6,9
16,6,10
17,6,11
18,6,12
19,7,12
20,7,13
21,8,13
22,8,14
23,9,14
24,9,15
25,9,16
26,10,16
27,10,17
28,10,18
29,11,18
30,12,18
31,12,19
32,13,19
33,13,20
34,14,20
35,15,20
36,15,21
37,15,22
38,16,22
39,17,22
40,17,23
41,18,23
42,18,24
43,18,25
44,18,26
45,18,27
46,18,28
47,18,29
48,19,29
49,20,29
50,20,30
51,20,31
52,20,32
53,20,33
54,20,34
55,21,34
56,22,34
57,22,35
58,22,36
59,22,37
60,23,37
61,23,38
62,23,39
63,24,39
64,25,39
65,25,40
66,26,40
67,27,40
68,27,41
69,28,41
70,28,42
71,29,42
72,30,42
73,30,43
74,31,43
75,32,43
76,32,44
77,32,45
78,33,45
79,33,46
80,33,47
81,34,47
82,34,48
83,35,48
84,35,49
85,35,50
86,36,50
87,37,50
88,38,50
89,39,50
90,40,50
91,40,51
92,40,52
93,40,53
94,40,54
95,41,54
96,42,54
97,43,54
98,43,55
99,43,56
100,44,56
101,45,56
102,46,56
103,46,57
104,47,57
105,48,57
106,48,58
107,48,59
108,48,60
109,48,61
110,48,62
111,48,63
112,48,64
113,49,64
114,49,65
115,50,65
116,51,65
117,52,65
118,52,66
119,53,66
120,53,67
121,53,68
122,53,69
123,53,70
124,53,71
125,53,72
126,53,73
127,53,74
128,54,74
129,54,75
130,55,75
131,55,76
132,55,77
133,55,78
134,56,78
135,56,79
136,57,79
137,57,80
138,57,81
139,57,82
140,58,82
141,59,82
142,60,82
143,61,82
144,61,83
145,62,83
146,63,83
147,63,84
148,63,85
149,64,85
150,64,86
151,64,87
152,64,88
153,64,89
154,64,90
155,65,90
156,65,91
157,66,91
158,67,91
159,68,91
160,69,91
161,70,91
162,70,92
163,71,92
164,71,93
165,71,94
166,72,94
167,72,95
168,73,95
169,74,95
170,75,95
171,75,96
172,75,97
173,75,98
174,76,98
175,76,99
176,76,100
177,77,100
178,78,100
179,78,101
180,78,102
181,79,102
182,79,103
183,79,104
184,80,104
185,81,104
186,81,105
187,81,106
188,81,107
189,82,107
190,83,107
191,83,108
192,83,109
193,84,109
194,84,110
195,84,111
196,84,112
197,85,112
198,86,112
199,86,113
200,86,114
201,86,115
202,87,115
203,87,116
204,88,116
205,88,117
206,88,118
207,89,118
208,89,119
209,90,119
210,91,119
211,91,120
212,91,121
213,92,121
214,93,121
215,94,121
216,95,121
217,95,122
218,96,122
219,97,122
220,97,123
221,98,123
222,98,124
223,99,124
224,99,125
225,100,125
226,101,125
227,101,126
228,102,126
229,103,126
230,103,127
231,103,128
232,104,128
233,105,128
234,105,129
235,105,130
236,105,131
237,105,132
238,105,133
239,105,134
240,105,135
241,106,135
242,107,135
243,107,136
244,107,137
245,107,138
246,108,138
247,108,139
248,108,140
249,108,141
250,109,141
251,110,141
252,110,142
253,110,143
254,111,143
255,112,143
256,112,144
257,113,144
258,114,144
259,115,144
260,116,144
261,117,144
262,117,145
263,118,145
264,118,146
265,119,146
266,120,146
267,120,147
268,121,147
269,121,148
270,121,149
271,121,150
272,121,151
273,121,152
274,121,153
275,122,153
276,123,153
277,123,154
278,123,155
279,124,155
280,124,156
281,125,156
282,126,156
283,127,156
284,127,157
285,127,158
286,127,159
287,128,159
288,128,160
289,129,160
290,130,160
291,131,160
292,131,161
293,131,162
294,131,163
295,132,163
296,133,163
297,133,164
298,133,165
299,133,166
300,133,167
301,133,168
302,134,168
303,135,168
304,135,169
305,135,170
306,136,170
307,137,170
308,138,170
309,139,170
310,139,171
311,139,172
312,139,173
313,140,173
314,140,174
315,140,175
316,140,176
317,140,177
318,140,178
319,140,179
320,140,180
321,141,180
322,141,181
323,142,181
324,142,182
325,143,182
326,144,182
327,144,183
328,145,183
329,146,183
330,147,183
331,147,184
332,148,184
333,148,185
334,148,186
335,149,186
336,149,187
337,150,187
338,151,187
339,151,188
340,151,189
341,151,190
342,152,190
343,152,191
344,153,191
345,154,191
346,155,191
347,156,191
348,157,191
349,157,192
350,157,193
351,157,194
352,157,195
353,157,196
354,157,197
355,157,198
356,157,199
357,157,200
358,158,200
359,158,201
360,158,202
361,158,203
362,159,203
363,160,203
364,161,203
365,161,204
366,161,205
367,162,205
368,163,205
369,163,206
370,163,207
371,163,208
372,164,208
373,164,209
374,164,210
375,164,211
376,165,211
377,166,211
378,167,211
379,167,212
380,168,212
381,169,212
382,170,212
383,171,212
384,171,213
385,172,213
386,172,214
387,173,214
388,173,215
389,173,216
390,174,216
391,174,217
392,174,218
393,175,218
394,176,218
395,176,219
396,177,219
397,178,219
398,178,220
399,178,221
400,178,222
401,179,222
402,180,222
403,180,223
404,181,223
405,181,224
406,181,225
407,181,226
408,182,226
409,182,227
410,182,228
411,183,228
412,184,228
413,185,228
414,186,228
415,187,228
416,187,229
417,188,229
418,188,230
419,189,230
420,189,231
421,189,232
422,189,233
423,190,233
424,191,233
425,191,234
426,191,235
427,191,236
428,191,237
429,192,237
430,193,237
431,193,238
432,194,238
433,194,239
434,194,240
435,194,241
436,194,242
437,195,242
438,196,242
439,196,243
440,196,244
441,197,244
442,198,244
443,198,245
444,198,246
445,198,247
446,199,247
447,199,248
448,200,248
449,201,248
450,202,248
451,203,248
452,203,249
453,203,250
454,204,250
455,204,251
456,205,251
457,206,251
458,206,252
459,206,253
460,207,253
461,207,254
462,207,255
463,208,255
464,208,256
465,209,256
466,209,257
467,209,258
468,210,258
469,210,259
470,210,260
471,210,261
472,210,262
473,211,262
474,212,262
475,213,262
476,214,262
477,214,263
478,215,263
479,215,264
480,216,264
481,216,265
482,217,265
483,217,266
484,217,267
485,218,267
486,218,268
487,219,268
488,219,269
489,219,270
490,219,271
491,219,272
492,219,273
493,220,273
494,221,273
495,222,273
496,223,273
497,224,273
498,225,273
499,226,273
500,227,273
