1,1,0
2,2,0
3,3,0
4,4,0
5,5,0
6,6,0
7,6,1
8,7,1
9,8,1
10,9,1
11,10,1
12,10,2
13,10,3
14,10,4
15,11,4
16,12,4
17,13,4
18,14,4
19,15,4
20,15,5
21,15,6
22,15,7
23,16,7
24,16,8
25,17,8
26,18,8
27,19,8
28,20,8
29,21,8
30,22,8
31,22,9
32,23,9
33,23,10
34,23,11
35,23,12
36,23,13
37,24,13
38,25,13
39,26,13
40,27,13
41,28,13
42,29,13
43,30,13
44,31,13
45,31,14
46,32,14
47,33,14
48,34,14
49,35,14
50,36,14
51,37,14
52,37,15
53,38,15
54,39,15
55,40,15
56,40,16
57,41,16
58,42,16
59,43,16
60,44,16
61,44,17
62,44,18
63,45,18
64,45,19
65,45,20
66,46,20
67,46,21
68,47,21
69,48,21
70,48,22
71,49,22
72,50,22
73,51,22
74,52,22
75,53,22
76,53,23
77,54,23
78,55,23
79,55,24
80,56,24
81,56,25
82,57,25
83,57,26
84,58,26
85,58,27
86,59,27
87,60,27
88,60,28
89,61,28
90,62,28
91,63,28
92,64,28
93,65,28
94,66,28
95,67,28
96,68,28
97,68,29
98,68,30
99,69,30
100,70,30
101,70,31
102,71,31
103,71,32
104,72,32
105,73,32
106,73,33
107,73,34
108,74,34
109,74,35
110,75,35
111,75,36
112,76,36
113,77,36
114,77,37
115,78,37
116,79,37
117,79,38
118,80,38
119,81,38
120,81,39
121,82,39
122,82,40
123,82,41
124,83,41
125,84,41
126,85,41
127,86,41
128,87,41
129,87,42
130,87,43
131,88,43
132,89,43
133,90,43
134,91,43
135,92,43
136,93,43
137,93,44
138,94,44
139,95,44
140,95,45
141,95,46
142,96,46
143,96,47
144,97,47
145,98,47
146,99,47
147,100,47
148,101,47
149,101,48
150,102,48
151,103,48
152,104,48
153,105,48
154,106,48
155,107,48
156,108,48
157,109,48
158,110,48
159,110,49
160,110,50
161,110,51
162,111,51
163,112,51
164,112,52
165,113,52
166,113,53
167,114,53
168,115,53
169,115,54
170,116,54
171,117,54
172,118,54
173,118,55
174,119,55
175,119,56
176,120,56
177,121,56
178,122,56
179,122,57
180,123,57
181,123,58
182,124,58
183,125,58
184,125,59
185,126,59
186,127,59
187,128,59
188,128,60
189,129,60
190,130,60
191,130,61
192,131,61
193,132,61
194,132,62
195,133,62
196,134,62
197,135,62
198,135,63
199,135,64
200,136,64
201,137,64
202,138,64
203,138,65
204,139,65
205,139,66
206,139,67
207,140,67
208,140,68
209,141,68
210,142,68
211,142,69
212,142,70
213,143,70
214,143,71
215,144,71
216,145,71
217,145,72
218,146,72
219,147,72
220,148,72
221,149,72
222,149,73
223,150,73
224,150,74
225,151,74
226,151,75
227,151,76
228,152,76
229,152,77
230,153,77
231,153,78
232,154,78
233,155,78
234,156,78
235,157,78
236,158,78
237,159,78
238,159,79
239,160,79
240,161,79
241,162,79
242,162,80
243,162,81
244,163,81
245,164,81
246,165,81
247,165,82
248,165,83
249,166,83
250,167,83
251,167,84
252,168,84
253,169,84
254,170,84
255,171,84
256,171,85
257,172,85
258,172,86
259,173,86
260,174,86
261,175,86
262,176,86
263,177,86
264,177,87
265,178,87
266,179,87
267,180,87
268,180,88
269,180,89
270,180,90
271,181,90
272,181,91
273,182,91
274,183,91
275,184,91
276,185,91
277,186,91
278,187,91
279,188,91
280,188,92
281,189,92
282,189,93
283,190,93
284,191,93
285,192,93
286,192,94
287,193,94
288,193,95
289,193,96
290,194,96
291,194,97
292,195,97
293,196,97
294,197,97
295,197,98
296,198,98
297,199,98
298,200,98
299,201,98
300,202,98
301,202,99
302,203,99
303,204,99
304,205,99
305,205,100
306,205,101
307,206,101
308,207,101
309,208,101
310,208,102
311,208,103
312,209,103
313,210,103
314,211,103
315,212,103
316,213,103
317,214,103
318,215,103
319,215,104
320,216,104
321,217,104
322,218,104
323,219,104
324,219,105
325,220,105
326,221,105
327,222,105
328,223,105
329,223,106
330,224,106
331,225,106
332,226,106
333,226,107
334,226,108
335,227,108
336,228,108
337,229,108
338,230,108
339,231,108
340,231,109
341,232,109
342,233,109
343,234,109
344,234,110
345,235,110
346,235,111
347,236,111
348,236,112
349,237,112
350,237,113
351,238,113
352,238,114
353,239,114
354,239,115
355,240,115
356,241,115
357,242,115
358,243,115
359,243,116
360,244,116
361,245,116
362,246,116
363,246,117
364,246,118
365,247,118
366,248,118
367,249,118
368,249,119
369,249,120
370,250,120
371,251,120
372,252,120
373,253,120
374,253,121
375,254,121
376,255,121
377,256,121
378,257,121
379,258,121
380,259,121
381,260,121
382,260,122
383,261,122
384,262,122
385,263,122
386,264,122
387,264,123
388,265,123
389,265,124
390,265,125
391,266,125
392,267,125
393,268,125
394,269,125
395,269,126
396,270,126
397,271,126
398,272,126
399,272,127
400,272,128
401,272,129
402,273,129
403,274,129
404,275,129
405,276,129
406,276,130
407,277,130
408,278,130
409,279,130
410,279,131
411,279,132
412,279,133
413,280,133
414,281,133
415,281,134
416,282,134
417,283,134
418,284,134
419,285,134
420,285,135
421,286,135
422,286,136
423,286,137
424,287,137
425,287,138
426,288,138
427,289,138
428,289,139
429,290,139
430,291,139
431,292,139
432,292,140
433,293,140
434,294,140
435,295,140
436,295,141
437,296,141
438,296,142
439,296,143
440,297,143
441,297,144
442,298,144
443,299,144
444,300,144
445,301,144
446,301,145
447,302,145
448,303,145
449,304,145
450,304,146
451,304,147
452,305,147
453,306,147
454,307,147
455,308,147
456,308,148
457,308,149
458,309,149
459,310,149
460,311,149
461,312,149
462,312,150
463,312,151
464,313,151
465,314,151
466,315,151
467,315,152
468,315,153
469,316,153
470,316,154
471,317,154
472,318,154
473,318,155
474,319,155
475,320,155
476,321,155
477,322,155
478,322,156
479,323,156
480,323,157
481,324,157
482,325,157
483,326,157
484,327,157
485,328,157
486,329,157
487,329,158
488,330,158
489,330,159
490,331,159
491,332,159
492,332,160
493,333,160
494,333,161
495,334,161
496,335,161
497,335,162
498,336,162
499,337,162
500,337,163
