1,1,0
2,2,0
3,3,0
4,3,1
5,3,2
6,4,2
7,5,2
8,5,3
9,5,4
10,5,5
11,5,6
12,5,7
13,5,8
14,6,8
15,7,8
16,8,8
17,9,8
18,9,9
19,9,10
20,9,11
21,9,12
22,9,13
23,10,13
24,11,13
25,12,13
26,13,13
27,14,13
28,15,13
29,15,14
30,15,15
31,15,16
32,15,17
33,16,17
34,17,17
35,17,18
36,18,18
37,19,18
38,20,18
39,20,19
40,21,19
41,22,19
42,23,19
43,23,20
44,24,20
45,24,21
46,24,22
47,25,22
48,25,23
49,26,23
50,27,23
51,27,24
52,27,25
53,28,25
54,29,25
55,30,25
56,31,25
57,31,26
58,32,26
59,32,27
60,32,28
61,33,28
62,33,29
63,34,29
64,34,30
65,34,31
66,35,31
67,35,32
68,36,32
69,37,32
70,37,33
71,38,33
72,38,34
73,38,35
74,39,35
75,40,35
76,40,36
77,40,37
78,41,37
79,41,38
80,42,38
81,43,38
82,43,39
83,44,39
84,44,40
85,44,41
86,45,41
87,46,41
88,47,41
89,47,42
90,48,42
91,48,43
92,49,43
93,49,44
94,50,44
95,50,45
96,51,45
97,52,45
98,52,46
99,53,46
100,53,47
101,53,48
102,53,49
103,53,50
104,53,51
105,53,52
106,54,52
107,54,53
108,55,53
109,55,54
110,55,55
111,56,55
112,56,56
113,57,56
114,58,56
115,58,57
116,59,57
117,59,58
118,59,59
119,59,60
120,60,60
121,61,60
122,61,61
123,61,62
124,61,63
125,62,63
126,62,64
127,62,65
128,63,65
129,63,66
130,64,66
131,65,66
132,65,67
133,66,67
134,67,67
135,67,68
136,67,69
137,68,69
138,68,70
139,69,70
140,70,70
141,71,70
142,71,71
143,72,71
144,72,72
145,73,72
146,74,72
147,75,72
148,75,73
149,76,73
150,77,73
151,78,73
152,79,73
153,79,74
154,79,75
155,80,75
156,81,75
157,82,75
158,83,75
159,83,76
160,84,76
161,85,76
162,86,76
163,87,76
164,88,76
165,88,77
166,89,77
167,89,78
168,89,79
169,90,79
170,90,80
171,91,80
172,92,80
173,92,81
174,93,81
175,94,81
176,95,81
177,95,82
178,96,82
179,97,82
180,98,82
181,99,82
182,99,83
183,99,84
184,99,85
185,99,86
186,99,87
187,100,87
188,100,88
189,100,89
190,101,89
191,101,90
192,102,90
193,103,90
194,103,91
195,103,92
196,103,93
197,103,94
198,104,94
199,105,94
200,105,95
201,106,95
202,106,96
203,106,97
204,106,98
205,107,98
206,107,99
207,108,99
208,108,100
209,109,100
210,110,100
211,111,100
212,112,100
213,113,100
214,113,101
215,114,101
216,115,101
217,116,101
218,116,102
219,117,102
220,117,103
221,118,103
222,119,103
223,119,104
224,120,104
225,121,104
226,122,104
227,122,105
228,122,106
229,122,107
230,123,107
231,123,108
232,124,108
233,124,109
234,124,110
235,124,111
236,124,112
237,124,113
238,125,113
239,126,113
240,127,113
241,128,113
242,129,113
243,129,114
244,130,114
245,130,115
246,131,115
247,132,115
248,132,116
249,132,117
250,132,118
251,133,118
252,133,119
253,133,120
254,134,120
255,134,121
256,135,121
257,136,121
258,136,122
259,136,123
260,136,124
261,136,125
262,136,126
263,136,127
264,137,127
265,137,128
266,137,129
267,137,130
268,137,131
269,138,131
270,138,132
271,139,132
272,139,133
273,140,133
274,140,134
275,141,134
276,141,135
277,141,136
278,142,136
279,143,136
280,143,137
281,144,137
282,145,137
283,145,138
284,146,138
285,147,138
286,148,138
287,149,138
288,149,139
289,150,139
290,150,140
291,150,141
292,151,141
293,151,142
294,152,142
295,153,142
296,154,142
297,155,142
298,156,142
299,157,142
300,157,143
301,158,143
302,158,144
303,158,145
304,159,145
305,159,146
306,160,146
307,160,147
308,161,147
309,162,147
310,162,148
311,163,148
312,164,148
313,165,148
314,166,148
315,167,148
316,167,149
317,167,150
318,167,151
319,168,151
320,169,151
321,169,152
322,170,152
323,171,152
324,172,152
325,172,153
326,172,154
327,172,155
328,172,156
329,173,156
330,173,157
331,174,157
332,175,157
333,176,157
334,176,158
335,177,158
336,178,158
337,179,158
338,180,158
339,180,159
340,180,160
341,180,161
342,180,162
343,180,163
344,180,164
345,181,164
346,181,165
347,181,166
348,181,167
349,182,167
350,183,167
351,184,167
352,184,168
353,185,168
354,185,169
355,185,170
356,185,171
357,185,172
358,186,172
359,186,173
360,186,174
361,186,175
362,186,176
363,186,177
364,186,178
365,186,179
366,186,180
367,187,180
368,187,181
369,188,181
370,188,182
371,188,183
372,189,183
373,190,183
374,191,183
375,191,184
376,192,184
377,193,184
378,194,184
379,194,185
380,194,186
381,195,186
382,196,186
383,196,187
384,197,187
385,198,187
386,198,188
387,198,189
388,199,189
389,200,189
390,201,189
391,201,190
392,202,190
393,202,191
394,203,191
395,204,191
396,205,191
397,205,192
398,205,193
399,206,193
400,207,193
401,207,194
402,207,195
403,208,195
404,209,195
405,210,195
406,210,196
407,211,196
408,212,196
409,212,197
410,212,198
411,213,198
412,214,198
413,215,198
414,216,198
415,216,199
416,217,199
417,218,199
418,219,199
419,220,199
420,220,200
421,220,201
422,221,201
423,222,201
424,222,202
425,222,203
426,223,203
427,223,204
428,223,205
429,224,205
430,224,206
431,224,207
432,224,208
433,224,209
434,224,210
435,225,210
436,226,210
437,227,210
438,228,210
439,228,211
440,228,212
441,229,212
442,230,212
443,230,213
444,230,214
445,231,214
446,231,215
447,232,215
448,233,215
449,233,216
450,234,216
451,235,216
452,236,216
453,237,216
454,238,216
455,239,216
456,240,216
457,240,217
458,241,217
459,242,217
460,242,218
461,243,218
462,244,218
463,244,219
464,245,219
465,245,220
466,246,220
467,247,220
468,248,220
469,248,221
470,249,221
471,250,221
472,251,221
473,251,222
474,252,222
475,252,223
476,252,224
477,252,225
478,253,225
479,253,226
480,254,226
481,255,226
482,255,227
483,255,228
484,255,229
485,255,230
486,255,231
487,256,231
488,257,231
489,258,231
490,259,231
491,259,232
492,259,233
493,260,233
494,261,233
495,262,233
496,262,234
497,263,234
498,263,235
499,263,236
500,263,237
