1,1,0
2,2,0
3,3,0
4,3,1
5,3,2
6,3,3
7,3,4
8,4,4
9,4,5
10,4,6
11,5,6
12,6,6
13,7,6
14,8,6
15,9,6
16,10,6
17,10,7
18,11,7
19,12,7
20,12,8
21,12,9
22,12,10
23,13,10
24,14,10
25,15,10
26,16,10
27,16,11
28,17,11
29,17,12
30,18,12
31,18,13
32,18,14
33,19,14
34,19,15
35,20,15
36,20,16
37,21,16
38,22,16
39,22,17
40,23,17
41,23,18
42,23,19
43,23,20
44,24,20
45,25,20
46,26,20
47,26,21
48,26,22
49,27,22
50,27,23
51,27,24
52,27,25
53,27,26
54,27,27
55,27,28
56,28,28
57,29,28
58,29,29
59,30,29
60,30,30
61,31,30
62,32,30
63,33,30
64,34,30
65,34,31
66,35,31
67,35,32
68,36,32
69,37,32
70,37,33
71,38,33
72,39,33
73,40,33
74,41,33
75,42,33
76,43,33
77,43,34
78,44,34
79,45,34
80,45,35
81,46,35
82,46,36
83,46,37
84,46,38
85,47,38
86,48,38
87,48,39
88,49,39
89,50,39
90,51,39
91,52,39
92,52,40
93,53,40
94,54,40
95,54,41
96,54,42
97,55,42
98,55,43
99,55,44
100,55,45
101,56,45
102,56,46
103,56,47
104,57,47
105,58,47
106,58,48
107,59,48
108,60,48
109,61,48
110,62,48
111,62,49
112,63,49
113,63,50
114,63,51
115,64,51
116,65,51
117,65,52
118,66,52
119,66,53
120,67,53
121,68,53
122,68,54
123,69,54
124,70,54
125,70,55
126,71,55
127,72,55
128,72,56
129,72,57
130,72,58
131,73,58
132,74,58
133,74,59
134,75,59
135,75,60
136,75,61
137,76,61
138,77,61
139,77,62
140,77,63
141,78,63
142,79,63
143,80,63
144,80,64
145,80,65
146,81,65
147,82,65
148,82,66
149,83,66
150,83,67
151,84,67
152,85,67
153,85,68
154,85,69
155,86,69
156,87,69
157,88,69
158,88,70
159,88,71
160,88,72
161,89,72
162,90,72
163,91,72
164,92,72
165,93,72
166,94,72
167,95,72
168,95,73
169,96,73
170,96,74
171,97,74
172,97,75
173,98,75
174,99,75
175,100,75
176,100,76
177,100,77
178,101,77
179,102,77
180,103,77
181,104,77
182,105,77
183,106,77
184,107,77
185,108,77
186,108,78
187,108,79
188,108,80
189,108,81
190,109,81
191,109,82
192,109,83
193,109,84
194,110,84
195,111,84
196,112,84
197,112,85
198,113,85
199,113,86
200,114,86
201,115,86
202,116,86
203,116,87
204,117,87
205,117,88
206,118,88
207,119,88
208,120,88
209,121,88
210,121,89
211,121,90
212,121,91
213,122,91
214,122,92
215,122,93
216,123,93
217,123,94
218,123,95
219,124,95
220,124,96
221,125,96
222,126,96
223,126,97
224,126,98
225,127,98
226,127,99
227,127,100
228,128,100
229,128,101
230,129,101
231,129,102
232,129,103
233,130,103
234,130,104
235,131,104
236,131,105
237,131,106
238,131,107
239,132,107
240,133,107
241,133,108
242,134,108
243,135,108
244,135,109
245,135,110
246,135,111
247,135,112
248,136,112
249,137,112
250,137,113
251,138,113
252,138,114
253,138,115
254,138,116
255,139,116
256,140,116
257,141,116
258,142,116
259,142,117
260,142,118
261,143,118
262,144,118
263,145,118
264,145,119
265,145,120
266,146,120
267,146,121
268,146,122
269,146,123
270,147,123
271,148,123
272,148,124
273,149,124
274,149,125
275,150,125
276,151,125
277,152,125
278,152,126
279,153,126
280,153,127
281,154,127
282,155,127
283,155,128
284,155,129
285,156,129
286,157,129
287,158,129
288,159,129
289,160,129
290,160,130
291,160,131
292,160,132
293,160,133
294,161,133
295,162,133
296,163,133
297,164,133
298,165,133
299,165,134
300,165,135
301,165,136
302,166,136
303,166,137
304,167,137
305,168,137
306,168,138
307,168,139
308,168,140
309,169,140
310,169,141
311,170,141
312,170,142
313,171,142
314,172,142
315,172,143
316,173,143
317,173,144
318,174,144
319,175,144
320,176,144
321,177,144
322,177,145
323,177,146
324,177,147
325,178,147
326,178,148
327,178,149
328,179,149
329,179,150
330,179,151
331,180,151
332,180,152
333,181,152
334,182,152
335,183,152
336,184,152
337,184,153
338,184,154
339,185,154
340,186,154
341,186,155
342,186,156
343,186,157
344,186,158
345,186,159
346,187,159
347,188,159
348,189,159
349,190,159
350,190,160
351,191,160
352,192,160
353,192,161
354,193,161
355,194,161
356,194,162
357,195,162
358,196,162
359,196,163
360,196,164
361,197,164
362,198,164
363,199,164
364,199,165
365,200,165
366,201,165
367,201,166
368,201,167
369,201,168
370,201,169
371,202,169
372,203,169
373,204,169
374,205,169
375,205,170
376,206,170
377,207,170
378,208,170
379,209,170
380,209,171
381,210,171
382,211,171
383,211,172
384,212,172
385,212,173
386,213,173
387,213,174
388,214,174
389,214,175
390,214,176
391,215,176
392,215,177
393,216,177
394,217,177
395,218,177
396,218,178
397,219,178
398,219,179
399,219,180
400,220,180
401,221,180
402,221,181
403,222,181
404,222,182
405,222,183
406,223,183
407,223,184
408,224,184
409,225,184
410,226,184
411,226,185
412,226,186
413,226,187
414,227,187
415,227,188
416,228,188
417,228,189
418,229,189
419,229,190
420,230,190
421,230,191
422,231,191
423,232,191
424,233,191
425,234,191
426,235,191
427,236,191
428,236,192
429,236,193
430,236,194
431,237,194
432,238,194
433,238,195
434,239,195
435,239,196
436,240,196
437,241,196
438,242,196
439,243,196
440,244,196
441,245,196
442,245,197
443,245,198
444,245,199
445,246,199
446,246,200
447,247,200
448,247,201
449,248,201
450,248,202
451,248,203
452,249,203
453,249,204
454,250,204
455,251,204
456,251,205
457,252,205
458,252,206
459,253,206
460,254,206
461,254,207
462,254,208
463,255,208
464,256,208
465,257,208
466,257,209
467,258,209
468,259,209
469,260,209
470,261,209
471,262,209
472,263,209
473,264,209
474,264,210
475,265,210
476,266,210
477,267,210
478,268,210
479,269,210
480,269,211
481,270,211
482,270,212
483,271,212
484,272,212
485,273,212
486,274,212
487,275,212
488,276,212
489,276,213
490,277,213
491,278,213
492,279,213
493,280,213
494,281,213
495,282,213
496,283,213
497,283,214
498,283,215
499,283,216
500,283,217
