1,1,0
2,2,0
3,3,0
4,3,1
5,4,1
6,5,1
7,6,1
8,7,1
9,7,2
10,8,2
11,9,2
12,10,2
13,11,2
14,12,2
15,13,2
16,13,3
17,13,4
18,14,4
19,14,5
20,14,6
21,15,6
22,15,7
23,16,7
24,17,7
25,18,7
26,19,7
27,20,7
28,21,7
29,21,8
30,21,9
31,22,9
32,22,10
33,22,11
34,22,12
35,23,12
36,23,13
37,24,13
38,25,13
39,25,14
40,26,14
41,27,14
42,28,14
43,29,14
44,30,14
45,31,14
46,32,14
47,33,14
48,33,15
49,34,15
50,34,16
51,34,17
52,35,17
53,35,18
54,35,19
55,36,19
56,36,20
57,37,20
58,38,20
59,39,20
60,39,21
61,39,22
62,40,22
63,40,23
64,40,24
65,41,24
66,42,24
67,42,25
68,42,26
69,42,27
70,43,27
71,43,28
72,43,29
73,44,29
74,44,30
75,45,30
76,46,30
77,47,30
78,47,31
79,48,31
80,49,31
81,50,31
82,51,31
83,51,32
84,51,33
85,52,33
86,52,34
87,53,34
88,54,34
89,55,34
90,56,34
91,57,34
92,57,35
93,57,36
94,58,36
95,59,36
96,60,36
97,61,36
98,62,36
99,63,36
100,64,36
101,64,37
102,64,38
103,65,38
104,65,39
105,66,39
106,67,39
107,68,39
108,69,39
109,70,39
110,71,39
111,72,39
112,72,40
113,73,40
114,73,41
115,74,41
116,74,42
117,74,43
118,75,43
119,76,43
120,77,43
121,78,43
122,78,44
123,79,44
124,80,44
125,81,44
126,82,44
127,83,44
128,84,44
129,85,44
130,85,45
131,86,45
132,87,45
133,87,46
134,87,47
135,88,47
136,89,47
137,90,47
138,91,47
139,91,48
140,91,49
141,91,50
142,91,51
143,92,51
144,92,52
145,93,52
146,94,52
147,95,52
148,95,53
149,96,53
150,97,53
151,97,54
152,97,55
153,98,55
154,98,56
155,98,57
156,98,58
157,98,59
158,99,59
159,99,60
160,100,60
161,101,60
162,102,60
163,102,61
164,102,62
165,103,62
166,103,63
167,104,63
168,105,63
169,105,64
170,106,64
171,107,64
172,108,64
173,109,64
174,110,64
175,110,65
176,110,66
177,111,66
178,112,66
179,112,67
180,112,68
181,113,68
182,114,68
183,115,68
184,115,69
185,115,70
186,116,70
187,117,70
188,117,71
189,118,71
190,118,72
191,119,72
192,120,72
193,121,72
194,122,72
195,123,72
196,123,73
197,124,73
198,125,73
199,125,74
200,126,74
201,126,75
202,126,76
203,127,76
204,128,76
205,129,76
206,130,76
207,131,76
208,132,76
209,133,76
210,134,76
211,135,76
212,136,76
213,136,77
214,136,78
215,137,78
216,137,79
217,138,79
218,138,80
219,138,81
220,139,81
221,140,81
222,140,82
223,140,83
224,141,83
225,141,84
226,142,84
227,142,85
228,142,86
229,143,86
230,143,87
231,144,87
232,145,87
233,145,88
234,146,88
235,146,89
236,147,89
237,148,89
238,149,89
239,150,89
240,151,89
241,152,89
242,152,90
243,152,91
244,152,92
245,153,92
246,154,92
247,155,92
248,155,93
249,156,93
250,157,93
251,157,94
252,157,95
253,158,95
254,159,95
255,159,96
256,160,96
257,161,96
258,161,97
259,162,97
260,162,98
261,163,98
262,163,99
263,164,99
264,165,99
265,166,99
266,167,99
267,167,100
268,168,100
269,168,101
270,168,102
271,168,103
272,168,104
273,169,104
274,169,105
275,170,105
276,171,105
277,172,105
278,173,105
279,174,105
280,175,105
281,175,106
282,176,106
283,177,106
284,178,106
285,179,106
286,179,107
287,179,108
288,180,108
289,180,109
290,180,110
291,181,110
292,181,111
293,182,111
294,182,112
295,182,113
296,183,113
297,184,113
298,184,114
299,185,114
300,185,115
301,186,115
302,187,115
303,187,116
304,188,116
305,188,117
306,189,117
307,189,118
308,190,118
309,190,119
310,191,119
311,191,120
312,191,121
313,192,121
314,193,121
315,194,121
316,195,121
317,196,121
318,197,121
319,197,122
320,197,123
321,197,124
322,197,125
323,197,126
324,197,127
325,198,127
326,198,128
327,199,128
328,200,128
329,201,128
330,202,128
331,203,128
332,203,129
333,204,129
334,204,130
335,204,131
336,205,131
337,205,132
338,206,132
339,207,132
340,208,132
341,209,132
342,209,133
343,210,133
344,210,134
345,211,134
346,212,134
347,213,134
348,214,134
349,214,135
350,215,135
351,216,135
352,216,136
353,217,136
354,218,136
355,218,137
356,219,137
357,220,137
358,221,137
359,222,137
360,223,137
361,223,138
362,224,138
363,225,138
364,226,138
365,227,138
366,228,138
367,228,139
368,229,139
369,230,139
370,231,139
371,232,139
372,233,139
373,234,139
374,235,139
375,235,140
376,235,141
377,236,141
378,237,141
379,238,141
380,239,141
381,240,141
382,241,141
383,242,141
384,243,141
385,243,142
386,243,143
387,243,144
388,244,144
389,244,145
390,245,145
391,246,145
392,247,145
393,247,146
394,247,147
395,247,148
396,248,148
397,249,148
398,250,148
399,251,148
400,252,148
401,253,148
402,253,149
403,254,149
404,254,150
405,255,150
406,256,150
407,257,150
408,258,150
409,258,151
410,259,151
411,260,151
412,261,151
413,262,151
414,262,152
415,263,152
416,263,153
417,264,153
418,264,154
419,264,155
420,265,155
421,266,155
422,267,155
423,267,156
424,268,156
425,268,157
426,269,157
427,269,158
428,269,159
429,270,159
430,270,160
431,271,160
432,272,160
433,272,161
434,273,161
435,274,161
436,274,162
437,274,163
438,275,163
439,275,164
440,276,164
441,276,165
442,277,165
443,278,165
444,279,165
445,280,165
446,280,166
447,281,166
448,282,166
449,283,166
450,284,166
451,285,166
452,286,166
453,286,167
454,286,168
455,287,168
456,287,169
457,288,169
458,289,169
459,289,170
460,290,170
461,290,171
462,291,171
463,291,172
464,291,173
465,291,174
466,292,174
467,293,174
468,294,174
469,295,174
470,296,174
471,296,175
472,297,175
473,297,176
474,298,176
475,299,176
476,300,176
477,300,177
478,300,178
479,301,178
480,302,178
481,302,179
482,303,179
483,304,179
484,304,180
485,304,181
486,305,181
487,306,181
488,307,181
489,308,181
490,309,181
491,310,181
492,311,181
493,312,181
494,313,181
495,314,181
496,315,181
497,316,181
498,317,181
499,318,181
500,319,181
