1,1,0
2,2,0
3,3,0
4,3,1
5,3,2
6,4,2
7,5,2
8,6,2
9,7,2
10,7,3
11,7,4
12,8,4
13,8,5
14,8,6
15,9,6
16,9,7
17,9,8
18,10,8
19,11,8
20,11,9
21,12,9
22,13,9
23,13,10
24,14,10
25,14,11
26,14,12
27,15,12
28,15,13
29,16,13
30,17,13
31,18,13
32,18,14
33,19,14
34,19,15
35,20,15
36,21,15
37,22,15
38,22,16
39,23,16
40,23,17
41,24,17
42,25,17
43,26,17
44,26,18
45,27,18
46,28,18
47,29,18
48,29,19
49,30,19
50,31,19
51,31,20
52,32,20
53,33,20
54,33,21
55,34,21
56,34,22
57,35,22
58,35,23
59,35,24
60,36,24
61,36,25
62,36,26
63,37,26
64,38,26
65,39,26
66,40,26
67,40,27
68,41,27
69,42,27
70,42,28
71,43,28
72,43,29
73,43,30
74,44,30
75,45,30
76,46,30
77,46,31
78,47,31
79,47,32
80,48,32
81,49,32
82,50,32
83,50,33
84,50,34
85,50,35
86,51,35
87,52,35
88,53,35
89,54,35
90,55,35
91,55,36
92,56,36
93,57,36
94,57,37
95,57,38
96,58,38
97,58,39
98,59,39
99,59,40
100,60,40
101,60,41
102,60,42
103,61,42
104,62,42
105,63,42
106,63,43
107,64,43
108,64,44
109,64,45
110,65,45
111,66,45
112,67,45
113,67,46
114,67,47
115,67,48
116,68,48
117,69,48
118,69,49
119,70,49
120,71,49
121,71,50
122,72,50
123,73,50
124,73,51
125,73,52
126,73,53
127,73,54
128,74,54
129,75,54
130,76,54
131,77,54
132,78,54
133,78,55
134,78,56
135,79,56
136,80,56
137,81,56
138,82,56
139,83,56
140,83,57
141,84,57
142,85,57
143,86,57
144,87,57
145,88,57
146,88,58
147,89,58
148,90,58
149,90,59
150,91,59
151,92,59
152,93,59
153,93,60
154,94,60
155,94,61
156,95,61
157,96,61
158,96,62
159,96,63
160,96,64
161,97,64
162,98,64
163,99,64
164,100,64
165,101,64
166,101,65
167,101,66
168,101,67
169,102,67
170,103,67
171,103,68
172,104,68
173,104,69
174,105,69
175,105,70
176,106,70
177,106,71
178,106,72
179,107,72
180,108,72
181,108,73
182,108,74
183,109,74
184,110,74
185,110,75
186,111,75
187,112,75
188,112,76
189,113,76
190,113,77
191,114,77
192,114,78
193,115,78
194,115,79
195,116,79
196,117,79
197,118,79
198,118,80
199,118,81
200,119,81
201,120,81
202,121,81
203,122,81
204,123,81
205,123,82
206,123,83
207,123,84
208,123,85
209,123,86
210,123,87
211,123,88
212,124,88
213,124,89
214,124,90
215,125,90
216,126,90
217,127,90
218,128,90
219,128,91
220,129,91
221,130,91
222,131,91
223,132,91
224,133,91
225,134,91
226,135,91
227,135,92
228,135,93
229,136,93
230,136,94
231,136,95
232,136,96
233,137,96
234,137,97
235,137,98
236,138,98
237,138,99
238,139,99
239,140,99
240,140,100
241,141,100
242,141,101
243,141,102
244,142,102
245,142,103
246,143,103
247,144,103
248,144,104
249,145,104
250,146,104
251,147,104
252,148,104
253,148,105
254,149,105
255,150,105
256,151,105
257,151,106
258,151,107
259,152,107
260,152,108
261,153,108
262,153,109
263,154,109
264,154,110
265,154,111
266,155,111
267,155,112
268,155,113
269,156,113
270,157,113
271,157,114
272,158,114
273,159,114
274,160,114
275,160,115
276,160,116
277,161,116
278,162,116
279,163,116
280,164,116
281,164,117
282,164,118
283,164,119
284,165,119
285,166,119
286,166,120
287,166,121
288,167,121
289,168,121
290,168,122
291,169,122
292,169,123
293,169,124
294,169,125
295,169,126
296,169,127
297,170,127
298,171,127
299,172,127
300,172,128
301,173,128
302,174,128
303,174,129
304,174,130
305,174,131
306,175,131
307,175,132
308,176,132
309,176,133
310,177,133
311,177,134
312,178,134
313,179,134
314,180,134
315,180,135
316,181,135
317,181,136
318,181,137
319,181,138
320,181,139
321,182,139
322,183,139
323,184,139
324,185,139
325,186,139
326,187,139
327,188,139
328,188,140
329,189,140
330,190,140
331,191,140
332,191,141
333,192,141
334,192,142
335,192,143
336,193,143
337,194,143
338,195,143
339,195,144
340,195,145
341,196,145
342,196,146
343,197,146
344,197,147
345,197,148
346,198,148
347,198,149
348,199,149
349,200,149
350,201,149
351,201,150
352,202,150
353,202,151
354,203,151
355,203,152
356,203,153
357,204,153
358,205,153
359,205,154
360,206,154
361,207,154
362,208,154
363,208,155
364,209,155
365,209,156
366,210,156
367,211,156
368,212,156
369,213,156
370,214,156
371,214,157
372,215,157
373,215,158
374,216,158
375,216,159
376,217,159
377,218,159
378,218,160
379,219,160
380,219,161
381,219,162
382,219,163
383,220,163
384,221,163
385,221,164
386,222,164
387,222,165
388,222,166
389,223,166
390,224,166
391,225,166
392,225,167
393,226,167
394,227,167
395,228,167
396,229,167
397,230,167
398,230,168
399,231,168
400,231,169
401,232,169
402,233,169
403,233,170
404,233,171
405,234,171
406,235,171
407,236,171
408,237,171
409,238,171
410,239,171
411,239,172
412,240,172
413,240,173
414,241,173
415,242,173
416,242,174
417,242,175
418,243,175
419,244,175
420,244,176
421,245,176
422,245,177
423,245,178
424,246,178
425,246,179
426,246,180
427,247,180
428,247,181
429,248,181
430,249,181
431,249,182
432,249,183
433,249,184
434,250,184
435,250,185
436,250,186
437,251,186
438,252,186
439,252,187
440,252,188
441,252,189
442,253,189
443,253,190
444,253,191
445,254,191
446,255,191
447,255,192
448,256,192
449,256,193
450,256,194
451,256,195
452,256,196
453,256,197
454,256,198
455,257,198
456,258,198
457,259,198
458,259,199
459,260,199
460,261,199
461,262,199
462,262,200
463,263,200
464,264,200
465,265,200
466,265,201
467,266,201
468,267,201
469,267,202
470,267,203
471,268,203
472,269,203
473,269,204
474,270,204
475,271,204
476,272,204
477,272,205
478,273,205
479,274,205
480,275,205
481,276,205
482,277,205
483,278,205
484,279,205
485,279,206
486,279,207
487,279,208
488,279,209
489,280,209
490,281,209
491,281,210
492,282,210
493,283,210
494,284,210
495,284,211
496,284,212
497,285,212
498,286,212
499,286,213
500,287,213
