1,1,0
2,2,0
3,3,0
4,4,0
5,5,0
6,6,0
7,7,0
8,8,0
9,8,1
10,8,2
11,8,3
12,8,4
13,9,4
14,9,5
15,10,5
16,10,6
17,11,6
18,12,6
19,13,6
20,14,6
21,15,6
22,16,6
23,16,7
24,16,8
25,16,9
26,16,10
27,17,10
28,18,10
29,19,10
30,20,10
31,21,10
32,22,10
33,23,10
34,23,11
35,24,11
36,25,11
37,26,11
38,26,12
39,27,12
40,28,12
41,29,12
42,30,12
43,31,12
44,31,13
45,31,14
46,32,14
47,33,14
48,34,14
49,35,14
50,36,14
51,36,15
52,37,15
53,37,16
54,37,17
55,38,17
56,39,17
57,40,17
58,41,17
59,42,17
60,43,17
61,43,18
62,44,18
63,45,18
64,45,19
65,45,20
66,46,20
67,47,20
68,48,20
69,49,20
70,50,20
71,50,21
72,50,22
73,51,22
74,51,23
75,52,23
76,53,23
77,54,23
78,54,24
79,55,24
80,55,25
81,55,26
82,55,27
83,55,28
84,55,29
85,56,29
86,57,29
87,58,29
88,59,29
89,59,30
90,60,30
91,61,30
92,61,31
93,62,31
94,62,32
95,62,33
96,62,34
97,63,34
98,64,34
99,65,34
100,65,35
101,66,35
102,67,35
103,67,36
104,68,36
105,68,37
106,68,38
107,69,38
108,70,38
109,70,39
110,71,39
111,72,39
112,73,39
113,74,39
114,74,40
115,75,40
116,76,40
117,76,41
118,76,42
119,76,43
120,76,44
121,76,45
122,77,45
123,78,45
124,79,45
125,80,45
126,81,45
127,81,46
128,82,46
129,83,46
130,83,47
131,84,47
132,84,48
133,85,48
134,85,49
135,86,49
136,87,49
137,88,49
138,89,49
139,90,49
140,91,49
141,92,49
142,92,50
143,93,50
144,93,51
145,94,51
146,94,52
147,95,52
148,96,52
149,97,52
150,97,53
151,97,54
152,98,54
153,98,55
154,98,56
155,99,56
156,100,56
157,100,57
158,100,58
159,100,59
160,101,59
161,102,59
162,103,59
163,104,59
164,105,59
165,106,59
166,107,59
167,107,60
168,108,60
169,108,61
170,109,61
171,110,61
172,111,61
173,112,61
174,113,61
175,114,61
176,115,61
177,116,61
178,117,61
179,118,61
180,119,61
181,120,61
182,121,61
183,121,62
184,122,62
185,123,62
186,124,62
187,124,63
188,125,63
189,125,64
190,125,65
191,125,66
192,126,66
193,126,67
194,127,67
195,128,67
196,128,68
197,128,69
198,128,70
199,128,71
200,128,72
201,129,72
202,129,73
203,130,73
204,131,73
205,131,74
206,131,75
207,132,75
208,133,75
209,134,75
210,135,75
211,136,75
212,136,76
213,137,76
214,137,77
215,138,77
216,139,77
217,140,77
218,141,77
219,142,77
220,142,78
221,143,78
222,144,78
223,144,79
224,145,79
225,146,79
226,147,79
227,147,80
228,147,81
229,148,81
230,148,82
231,149,82
232,149,83
233,150,83
234,151,83
235,152,83
236,153,83
237,154,83
238,154,84
239,155,84
240,156,84
241,156,85
242,157,85
243,157,86
244,158,86
245,158,87
246,159,87
247,159,88
248,159,89
249,159,90
250,160,90
251,160,91
252,161,91
253,161,92
254,162,92
255,163,92
256,164,92
257,165,92
258,166,92
259,166,93
260,166,94
261,167,94
262,168,94
263,168,95
264,168,96
265,168,97
266,168,98
267,169,98
268,169,99
269,170,99
270,170,100
271,170,101
272,170,102
273,170,103
274,171,103
275,172,103
276,173,103
277,174,103
278,175,103
279,176,103
280,176,104
281,177,104
282,177,105
283,178,105
284,179,105
285,180,105
286,180,106
287,181,106
288,181,107
289,182,107
290,183,107
291,184,107
292,185,107
293,186,107
294,186,108
295,187,108
296,188,108
297,189,108
298,190,108
299,191,108
300,192,108
301,193,108
302,194,108
303,195,108
304,196,108
305,197,108
306,198,108
307,199,108
308,199,109
309,200,109
310,201,109
311,201,110
312,202,110
313,203,110
314,203,111
315,204,111
316,204,112
317,205,112
318,206,112
319,207,112
320,207,113
321,207,114
322,208,114
323,208,115
324,209,115
325,210,115
326,210,116
327,211,116
328,212,116
329,212,117
330,212,118
331,212,119
332,213,119
333,214,119
334,215,119
335,216,119
336,216,120
337,217,120
338,217,121
339,217,122
340,218,122
341,218,123
342,219,123
343,219,124
344,220,124
345,221,124
346,221,125
347,221,126
348,221,127
349,221,128
350,222,128
351,223,128
352,224,128
353,225,128
354,226,128
355,227,128
356,228,128
357,229,128
358,230,128
359,230,129
360,231,129
361,232,129
362,233,129
363,233,130
364,233,131
365,234,131
366,235,131
367,236,131
368,236,132
369,237,132
370,237,133
371,238,133
372,238,134
373,239,134
374,240,134
375,241,134
376,242,134
377,243,134
378,244,134
379,245,134
380,246,134
381,246,135
382,247,135
383,248,135
384,248,136
385,249,136
386,249,137
387,250,137
388,251,137
389,252,137
390,253,137
391,254,137
392,254,138
393,255,138
394,255,139
395,255,140
396,256,140
397,257,140
398,258,140
399,259,140
400,260,140
401,261,140
402,261,141
403,262,141
404,263,141
405,264,141
406,265,141
407,265,142
408,265,143
409,265,144
410,265,145
411,266,145
412,266,146
413,266,147
414,267,147
415,267,148
416,267,149
417,267,150
418,267,151
419,268,151
420,269,151
421,269,152
422,270,152
423,270,153
424,271,153
425,272,153
426,272,154
427,272,155
428,272,156
429,273,156
430,273,157
431,274,157
432,275,157
433,276,157
434,276,158
435,276,159
436,277,159
437,278,159
438,279,159
439,280,159
440,280,160
441,281,160
442,281,161
443,282,161
444,282,162
445,282,163
446,283,163
447,283,164
448,284,164
449,285,164
450,286,164
451,286,165
452,287,165
453,287,166
454,287,167
455,287,168
456,287,169
457,288,169
458,288,170
459,289,170
460,290,170
461,291,170
462,291,171
463,291,172
464,292,172
465,292,173
466,292,174
467,293,174
468,293,175
469,294,175
470,295,175
471,295,176
472,295,177
473,296,177
474,296,178
475,297,178
476,298,178
477,299,178
478,300,178
479,300,179
480,301,179
481,302,179
482,302,180
483,303,180
484,304,180
485,305,180
486,305,181
487,305,182
488,305,183
489,306,183
490,306,184
491,307,184
492,308,184
493,309,184
494,310,184
495,311,184
496,312,184
497,313,184
498,314,184
499,315,184
500,316,184
