1,0,1
2,0,2
3,0,3
4,1,3
5,1,4
6,1,5
7,1,6
8,1,7
9,2,7
10,3,7
11,4,7
12,4,8
13,4,9
14,5,9
15,6,9
16,6,10
17,7,10
18,8,10
19,9,10
20,9,11
21,9,12
22,10,12
23,10,13
24,10,14
25,10,15
26,10,16
27,10,17
28,11,17
29,11,18
30,12,18
31,13,18
32,13,19
33,14,19
34,15,19
35,15,20
36,16,20
37,16,21
38,17,21
39,18,21
40,18,22
41,19,22
42,20,22
43,20,23
44,21,23
45,21,24
46,22,24
47,23,24
48,24,24
49,24,25
50,24,26
51,25,26
52,26,26
53,26,27
54,26,28
55,26,29
56,26,30
57,26,31
58,26,32
59,27,32
60,28,32
61,29,32
62,30,32
63,30,33
64,30,34
65,30,35
66,30,36
67,31,36
68,31,37
69,31,38
70,31,39
71,31,40
72,32,40
73,33,40
74,33,41
75,33,42
76,33,43
77,33,44
78,33,45
79,34,45
80,35,45
81,35,46
82,36,46
83,37,46
84,38,46
85,38,47
86,38,48
87,38,49
88,38,50
89,38,51
90,38,52
91,38,53
92,39,53
93,40,53
94,41,53
95,42,53
96,42,54
97,42,55
98,42,56
99,43,56
100,43,57
101,44,57
102,45,57
103,45,58
104,46,58
105,46,59
106,46,60
107,47,60
108,48,60
109,48,61
110,48,62
111,48,63
112,49,63
113,49,64
114,49,65
115,50,65
116,50,66
117,50,67
118,51,67
119,52,67
120,52,68
121,52,69
122,52,70
123,53,70
124,53,71
125,54,71
126,54,72
127,55,72
128,55,73
129,55,74
130,55,75
131,55,76
132,55,77
133,56,77
134,56,78
135,57,78
136,57,79
137,58,79
138,59,79
139,60,79
140,60,80
141,61,80
142,61,81
143,62,81
144,63,81
145,64,81
146,64,82
147,64,83
148,64,84
149,64,85
150,65,85
151,65,86
152,65,87
153,65,88
154,66,88
155,66,89
156,67,89
157,67,90
158,67,91
159,68,91
160,68,92
161,68,93
162,69,93
163,69,94
164,69,95
165,70,95
166,71,95
167,71,96
168,71,97
169,72,97
170,72,98
171,72,99
172,73,99
173,73,100
174,73,101
175,73,102
176,73,103
177,74,103
178,74,104
179,75,104
180,75,105
181,76,105
182,77,105
183,78,105
184,79,105
185,79,106
186,79,107
187,80,107
188,80,108
189,80,109
190,80,110
191,80,111
192,80,112
193,81,112
194,81,113
195,82,113
196,83,113
197,84,113
198,84,114
199,85,114
200,85,115
201,85,116
202,86,116
203,87,116
204,87,117
205,87,118
206,87,119
207,88,119
208,88,120
209,89,120
210,90,120
211,91,120
212,92,120
213,92,121
214,92,122
215,93,122
216,93,123
217,93,124
218,94,124
219,95,124
220,95,125
221,96,125
222,96,126
223,97,126
224,97,127
225,98,127
226,98,128
227,98,129
228,98,130
229,99,130
230,100,130
231,100,131
232,101,131
233,101,132
234,101,133
235,102,133
236,103,133
237,104,133
238,104,134
239,104,135
240,105,135
241,106,135
242,107,135
243,107,136
244,108,136
245,109,136
246,109,137
247,109,138
248,110,138
249,111,138
250,111,139
251,111,140
252,112,140
253,113,140
254,113,141
255,114,141
256,114,142
257,114,143
258,115,143
259,116,143
260,116,144
261,116,145
262,117,145
263,118,145
264,118,146
265,119,146
266,119,147
267,120,147
268,120,148
269,120,149
270,120,150
271,120,151
272,120,152
273,120,153
274,121,153
275,121,154
276,122,154
277,122,155
278,123,155
279,124,155
280,125,155
281,126,155
282,127,155
283,128,155
284,128,156
285,128,157
286,129,157
287,129,158
288,129,159
289,129,160
290,129,161
291,129,162
292,130,162
293,130,163
294,131,163
295,131,164
296,132,164
297,132,165
298,132,166
299,132,167
300,132,168
301,133,168
302,134,168
303,134,169
304,134,170
305,134,171
306,134,172
307,135,172
308,135,173
309,135,174
310,135,175
311,136,175
312,136,176
313,137,176
314,137,177
315,138,177
316,138,178
317,138,179
318,138,180
319,139,180
320,139,181
321,140,181
322,141,181
323,142,181
324,143,181
325,143,182
326,143,183
327,143,184
328,144,184
329,144,185
330,144,186
331,144,187
332,144,188
333,144,189
334,144,190
335,145,190
336,146,190
337,146,191
338,147,191
339,147,192
340,148,192
341,148,193
342,149,193
343,150,193
344,150,194
345,151,194
346,151,195
347,151,196
348,151,197
349,152,197
350,153,197
351,154,197
352,154,198
353,154,199
354,154,200
355,155,200
356,156,200
357,157,200
358,158,200
359,159,200
360,160,200
361,161,200
362,161,201
363,161,202
364,162,202
365,162,203
366,163,203
367,163,204
368,163,205
369,163,206
370,163,207
371,164,207
372,165,207
373,166,207
374,166,208
375,167,208
376,168,208
377,168,209
378,169,209
379,170,209
380,171,209
381,172,209
382,172,210
383,172,211
384,173,211
385,173,212
386,173,213
387,174,213
388,174,214
389,175,214
390,176,214
391,177,214
392,178,214
393,178,215
394,178,216
395,178,217
396,178,218
397,179,218
398,179,219
399,179,220
400,179,221
401,179,222
402,179,223
403,180,223
404,180,224
405,181,224
406,181,225
407,181,226
408,182,226
409,182,227
410,183,227
411,184,227
412,185,227
413,186,227
414,187,227
415,187,228
416,187,229
417,187,230
418,187,231
419,187,232
420,188,232
421,189,232
422,189,233
423,190,233
424,190,234
425,191,234
426,192,234
427,192,235
428,192,236
429,192,237
430,193,237
431,193,238
432,193,239
433,193,240
434,193,241
435,193,242
436,193,243
437,194,243
438,194,244
439,195,244
440,195,245
441,195,246
442,195,247
443,196,247
444,197,247
445,198,247
446,199,247
447,199,248
448,200,248
449,200,249
450,201,249
451,201,250
452,202,250
453,202,251
454,202,252
455,203,252
456,203,253
457,203,254
458,204,254
459,205,254
460,206,254
461,206,255
462,207,255
463,207,256
464,208,256
465,208,257
466,208,258
467,208,259
468,209,259
469,209,260
470,210,260
471,210,261
472,211,261
473,212,261
474,213,261
475,214,261
476,215,261
477,215,262
478,216,262
479,217,262
480,217,263
481,217,264
482,217,265
483,218,265
484,219,265
485,219,266
486,219,267
487,220,267
488,221,267
489,222,267
490,223,267
491,223,268
492,223,269
493,223,270
494,223,271
495,224,271
496,225,271
497,225,272
498,226,272
499,227,272
500,228,272
