1,1,0
2,2,0
3,3,0
4,4,0
5,5,0
6,6,0
7,7,0
8,8,0
9,9,0
10,10,0
11,10,1
12,11,1
13,11,2
14,12,2
15,13,2
16,14,2
17,14,3
18,15,3
19,16,3
20,16,4
21,16,5
22,17,5
23,18,5
24,19,5
25,20,5
26,21,5
27,21,6
28,22,6
29,23,6
30,23,7
31,23,8
32,24,8
33,24,9
34,24,10
35,25,10
36,26,10
37,27,10
38,28,10
39,29,10
40,29,11
41,30,11
42,31,11
43,32,11
44,32,12
45,33,12
46,33,13
47,33,14
48,34,14
49,35,14
50,36,14
51,36,15
52,37,15
53,37,16
54,38,16
55,38,17
56,39,17
57,40,17
58,41,17
59,41,18
60,42,18
61,43,18
62,44,18
63,45,18
64,46,18
65,46,19
66,47,19
67,47,20
68,48,20
69,48,21
70,48,22
71,49,22
72,50,22
73,51,22
74,52,22
75,52,23
76,52,24
77,52,25
78,53,25
79,54,25
80,55,25
81,56,25
82,57,25
83,58,25
84,59,25
85,60,25
86,61,25
87,61,26
88,62,26
89,62,27
90,62,28
91,62,29
92,63,29
93,64,29
94,65,29
95,66,29
96,67,29
97,67,30
98,68,30
99,69,30
100,70,30
101,71,30
102,72,30
103,73,30
104,73,31
105,74,31
106,75,31
107,76,31
108,77,31
109,78,31
110,78,32
111,79,32
112,79,33
113,80,33
114,81,33
115,81,34
116,82,34
117,82,35
118,83,35
119,83,36
120,84,36
121,85,36
122,86,36
123,87,36
124,88,36
125,88,37
126,88,38
127,88,39
128,89,39
129,90,39
130,91,39
131,92,39
132,93,39
133,93,40
134,94,40
135,94,41
136,95,41
137,96,41
138,97,41
139,98,41
140,99,41
141,100,41
142,101,41
143,101,42
144,102,42
145,103,42
146,104,42
147,104,43
148,105,43
149,106,43
150,107,43
151,107,44
152,108,44
153,108,45
154,109,45
155,110,45
156,111,45
157,111,46
158,111,47
159,111,48
160,112,48
161,113,48
162,114,48
163,115,48
164,116,48
165,117,48
166,117,49
167,117,50
168,118,50
169,119,50
170,119,51
171,119,52
172,119,53
173,120,53
174,121,53
175,122,53
176,123,53
177,124,53
178,125,53
179,126,53
180,126,54
181,127,54
182,128,54
183,129,54
184,130,54
185,131,54
186,132,54
187,132,55
188,133,55
189,133,56
190,133,57
191,134,57
192,135,57
193,136,57
194,136,58
195,137,58
196,137,59
197,137,60
198,138,60
199,139,60
200,140,60
201,141,60
202,142,60
203,143,60
204,144,60
205,144,61
206,145,61
207,146,61
208,147,61
209,147,62
210,147,63
211,148,63
212,148,64
213,148,65
214,149,65
215,150,65
216,150,66
217,151,66
218,151,67
219,152,67
220,152,68
221,153,68
222,153,69
223,154,69
224,155,69
225,155,70
226,156,70
227,157,70
228,157,71
229,158,71
230,158,72
231,159,72
232,160,72
233,161,72
234,162,72
235,163,72
236,164,72
237,165,72
238,165,73
239,165,74
240,165,75
241,166,75
242,167,75
243,168,75
244,169,75
245,169,76
246,170,76
247,171,76
248,172,76
249,173,76
250,174,76
251,175,76
252,175,77
253,175,78
254,176,78
255,177,78
256,178,78
257,179,78
258,180,78
259,181,78
260,181,79
261,181,80
262,182,80
263,183,80
264,183,81
265,184,81
266,185,81
267,186,81
268,186,82
269,186,83
270,187,83
271,187,84
272,188,84
273,188,85
274,189,85
275,190,85
276,190,86
277,191,86
278,192,86
279,192,87
280,193,87
281,194,87
282,195,87
283,196,87
284,197,87
285,197,88
286,198,88
287,198,89
288,199,89
289,200,89
290,200,90
291,201,90
292,202,90
293,203,90
294,204,90
295,205,90
296,205,91
297,205,92
298,206,92
299,207,92
300,208,92
301,209,92
302,210,92
303,210,93
304,211,93
305,212,93
306,212,94
307,213,94
308,213,95
309,214,95
310,215,95
311,216,95
312,216,96
313,217,96
314,217,97
315,218,97
316,219,97
317,220,97
318,221,97
319,222,97
320,223,97
321,224,97
322,224,98
323,225,98
324,226,98
325,227,98
326,227,99
327,228,99
328,229,99
329,229,100
330,230,100
331,231,100
332,232,100
333,233,100
334,233,101
335,234,101
336,235,101
337,235,102
338,236,102
339,237,102
340,237,103
341,238,103
342,239,103
343,240,103
344,241,103
345,242,103
346,243,103
347,243,104
348,244,104
349,245,104
350,246,104
351,247,104
352,247,105
353,248,105
354,249,105
355,250,105
356,251,105
357,252,105
358,253,105
359,254,105
360,254,106
361,254,107
362,255,107
363,256,107
364,256,108
365,257,108
366,257,109
367,258,109
368,259,109
369,260,109
370,261,109
371,262,109
372,262,110
373,263,110
374,264,110
375,264,111
376,265,111
377,266,111
378,266,112
379,267,112
380,267,113
381,268,113
382,268,114
383,269,114
384,269,115
385,270,115
386,271,115
387,271,116
388,272,116
389,273,116
390,273,117
391,274,117
392,274,118
393,275,118
394,275,119
395,276,119
396,277,119
397,278,119
398,278,120
399,279,120
400,280,120
401,280,121
402,281,121
403,282,121
404,283,121
405,284,121
406,285,121
407,285,122
408,286,122
409,286,123
410,287,123
411,288,123
412,288,124
413,288,125
414,289,125
415,290,125
416,291,125
417,291,126
418,292,126
419,293,126
420,294,126
421,294,127
422,295,127
423,296,127
424,296,128
425,297,128
426,297,129
427,298,129
428,299,129
429,299,130
430,300,130
431,301,130
432,302,130
433,303,130
434,304,130
435,305,130
436,305,131
437,305,132
438,306,132
439,307,132
440,307,133
441,307,134
442,307,135
443,308,135
444,309,135
445,310,135
446,311,135
447,311,136
448,312,136
449,312,137
450,312,138
451,313,138
452,314,138
453,315,138
454,315,139
455,316,139
456,317,139
457,317,140
458,317,141
459,317,142
460,318,142
461,318,143
462,319,143
463,320,143
464,320,144
465,321,144
466,322,144
467,323,144
468,324,144
469,324,145
470,325,145
471,325,146
472,326,146
473,327,146
474,328,146
475,329,146
476,330,146
477,331,146
478,331,147
479,332,147
480,332,148
481,332,149
482,333,149
483,334,149
484,335,149
485,336,149
486,336,150
487,337,150
488,337,151
489,338,151
490,339,151
491,340,151
492,341,151
493,341,152
494,342,152
495,343,152
496,344,152
497,345,152
498,346,152
499,347,152
500,348,152
