1,0,1
2,1,1
3,1,2
4,1,3
5,1,4
6,1,5
7,2,5
8,2,6
9,2,7
10,2,8
11,3,8
12,3,9
13,4,9
14,4,10
15,4,11
16,5,11
17,6,11
18,7,11
19,7,12
20,7,13
21,7,14
22,8,14
23,8,15
24,9,15
25,9,16
26,10,16
27,10,17
28,10,18
29,10,19
30,11,19
31,12,19
32,13,19
33,13,20
34,13,21
35,14,21
36,14,22
37,14,23
38,14,24
39,14,25
40,15,25
41,15,26
42,16,26
43,17,26
44,17,27
45,18,27
46,18,28
47,19,28
48,19,29
49,19,30
50,20,30
51,20,31
52,21,31
53,21,32
54,21,33
55,21,34
56,22,34
57,23,34
58,24,34
59,24,35
60,24,36
61,25,36
62,26,36
63,27,36
64,27,37
65,28,37
66,28,38
67,29,38
68,29,39
69,29,40
70,30,40
71,31,40
72,31,41
73,31,42
74,31,43
75,32,43
76,33,43
77,33,44
78,33,45
79,33,46
80,34,46
81,35,46
82,35,47
83,36,47
84,36,48
85,37,48
86,38,48
87,38,49
88,39,49
89,40,49
90,40,50
91,40,51
92,41,51
93,41,52
94,42,52
95,42,53
96,42,54
97,42,55
98,43,55
99,43,56
100,44,56
101,45,56
102,46,56
103,47,56
104,47,57
105,48,57
106,49,57
107,49,58
108,50,58
109,51,58
110,51,59
111,51,60
112,51,61
113,51,62
114,51,63
115,51,64
116,51,65
117,51,66
118,51,67
119,52,67
120,53,67
121,54,67
122,54,68
123,54,69
124,55,69
125,55,70
126,55,71
127,56,71
128,56,72
129,57,72
130,57,73
131,57,74
132,57,75
133,58,75
134,59,75
135,60,75
136,61,75
137,61,76
138,61,77
139,61,78
140,61,79
141,62,79
142,62,80
143,62,81
144,63,81
145,63,82
146,63,83
147,64,83
148,64,84
149,65,84
150,65,85
151,66,85
152,66,86
153,67,86
154,67,87
155,67,88
156,67,89
157,68,89
158,69,89
159,70,89
160,70,90
161,71,90
162,72,90
163,73,90
164,74,90
165,75,90
166,76,90
167,77,90
168,78,90
169,79,90
170,79,91
171,79,92
172,80,92
173,81,92
174,81,93
175,82,93
176,82,94
177,82,95
178,83,95
179,84,95
180,84,96
181,84,97
182,84,98
183,84,99
184,85,99
185,85,100
186,86,100
187,87,100
188,87,101
189,88,101
190,88,102
191,89,102
192,90,102
193,90,103
194,90,104
195,91,104
196,91,105
197,91,106
198,92,106
199,93,106
200,94,106
201,94,107
202,94,108
203,94,109
204,95,109
205,95,110
206,96,110
207,97,110
208,98,110
209,98,111
210,99,111
211,100,111
212,101,111
213,101,112
214,101,113
215,101,114
216,101,115
217,101,116
218,101,117
219,101,118
220,102,118
221,102,119
222,102,120
223,102,121
224,102,122
225,103,122
226,103,123
227,103,124
228,104,124
229,105,124
230,106,124
231,107,124
232,108,124
233,108,125
234,109,125
235,109,126
236,109,127
237,110,127
238,111,127
239,112,127
240,113,127
241,113,128
242,114,128
243,114,129
244,115,129
245,115,130
246,115,131
247,115,132
248,116,132
249,116,133
250,117,133
251,118,133
252,119,133
253,119,134
254,120,134
255,120,135
256,121,135
257,121,136
258,121,137
259,122,137
260,122,138
261,122,139
262,123,139
263,123,140
264,124,140
265,124,141
266,124,142
267,125,142
268,126,142
269,126,143
270,127,143
271,128,143
272,129,143
273,129,144
274,129,145
275,130,145
276,131,145
277,131,146
278,131,147
279,131,148
280,132,148
281,132,149
282,132,150
283,133,150
284,134,150
285,134,151
286,135,151
287,135,152
288,135,153
289,136,153
290,136,154
291,136,155
292,137,155
293,137,156
294,137,157
295,138,157
296,138,158
297,138,159
298,139,159
299,140,159
300,140,160
301,141,160
302,142,160
303,142,161
304,143,161
305,144,161
306,144,162
307,145,162
308,145,163
309,145,164
310,145,165
311,146,165
312,147,165
313,148,165
314,149,165
315,150,165
316,151,165
317,151,166
318,152,166
319,152,167
320,153,167
321,154,167
322,154,168
323,155,168
324,156,168
325,157,168
326,157,169
327,157,170
328,157,171
329,157,172
330,158,172
331,158,173
332,159,173
333,160,173
334,161,173
335,161,174
336,162,174
337,163,174
338,164,174
339,165,174
340,165,175
341,166,175
342,167,175
343,167,176
344,168,176
345,169,176
346,169,177
347,169,178
348,170,178
349,170,179
350,171,179
351,172,179
352,172,180
353,172,181
354,172,182
355,173,182
356,173,183
357,174,183
358,175,183
359,176,183
360,176,184
361,176,185
362,177,185
363,177,186
364,178,186
365,179,186
366,180,186
367,181,186
368,182,186
369,183,186
370,184,186
371,184,187
372,184,188
373,184,189
374,184,190
375,185,190
376,185,191
377,185,192
378,186,192
379,187,192
380,187,193
381,187,194
382,188,194
383,189,194
384,189,195
385,190,195
386,190,196
387,190,197
388,191,197
389,192,197
390,192,198
391,192,199
392,192,200
393,192,201
394,193,201
395,194,201
396,194,202
397,194,203
398,194,204
399,194,205
400,194,206
401,195,206
402,195,207
403,196,207
404,196,208
405,197,208
406,198,208
407,199,208
408,200,208
409,201,208
410,201,209
411,202,209
412,202,210
413,202,211
414,203,211
415,203,212
416,204,212
417,204,213
418,204,214
419,204,215
420,205,215
421,205,216
422,206,216
423,206,217
424,207,217
425,208,217
426,209,217
427,210,217
428,210,218
429,211,218
430,211,219
431,212,219
432,212,220
433,212,221
434,213,221
435,213,222
436,213,223
437,214,223
438,214,224
439,214,225
440,214,226
441,214,227
442,214,228
443,214,229
444,215,229
445,216,229
446,216,230
447,216,231
448,216,232
449,216,233
450,217,233
451,217,234
452,217,235
453,218,235
454,219,235
455,219,236
456,220,236
457,221,236
458,222,236
459,223,236
460,224,236
461,225,236
462,226,236
463,227,236
464,227,237
465,228,237
466,229,237
467,230,237
468,231,237
469,231,238
470,232,238
471,233,238
472,234,238
473,234,239
474,235,239
475,235,240
476,236,240
477,237,240
478,238,240
479,239,240
480,240,240
481,241,240
482,242,240
483,243,240
484,244,240
485,244,241
486,244,242
487,244,243
488,245,243
489,246,243
490,246,244
491,247,244
492,248,244
493,249,244
494,250,244
495,251,244
496,252,244
497,253,244
498,254,244
499,255,244
500,256,244
