1,1,0
2,1,1
3,1,2
4,1,3
5,1,4
6,1,5
7,1,6
8,2,6
9,2,7
10,3,7
11,4,7
12,4,8
13,4,9
14,4,10
15,4,11
16,4,12
17,4,13
18,5,13
19,5,14
20,5,15
21,5,16
22,5,17
23,6,17
24,6,18
25,7,18
26,8,18
27,8,19
28,8,20
29,8,21
30,8,22
31,8,23
32,9,23
33,10,23
34,10,24
35,11,24
36,12,24
37,13,24
38,13,25
39,14,25
40,14,26
41,14,27
42,14,28
43,15,28
44,16,28
45,17,28
46,17,29
47,18,29
48,18,30
49,18,31
50,18,32
51,18,33
52,18,34
53,18,35
54,18,36
55,19,36
56,19,37
57,20,37
58,20,38
59,21,38
60,21,39
61,21,40
62,21,41
63,21,42
64,22,42
65,22,43
66,23,43
67,24,43
68,24,44
69,24,45
70,24,46
71,24,47
72,24,48
73,24,49
74,25,49
75,25,50
76,26,50
77,26,51
78,26,52
79,26,53
80,26,54
81,26,55
82,26,56
83,26,57
84,27,57
85,28,57
86,29,57
87,30,57
88,30,58
89,30,59
90,31,59
91,31,60
92,32,60
93,32,61
94,32,62
95,33,62
96,33,63
97,33,64
98,34,64
99,34,65
100,34,66
101,34,67
102,34,68
103,35,68
104,36,68
105,37,68
106,37,69
107,38,69
108,39,69
109,40,69
110,41,69
111,41,70
112,42,70
113,43,70
114,43,71
115,43,72
116,43,73
117,43,74
118,44,74
119,45,74
120,46,74
121,46,75
122,46,76
123,46,77
124,46,78
125,47,78
126,48,78
127,48,79
128,48,80
129,48,81
130,49,81
131,50,81
132,50,82
133,50,83
134,50,84
135,51,84
136,52,84
137,52,85
138,52,86
139,53,86
140,53,87
141,54,87
142,54,88
143,55,88
144,55,89
145,55,90
146,56,90
147,56,91
148,57,91
149,58,91
150,59,91
151,59,92
152,59,93
153,60,93
154,60,94
155,60,95
156,61,95
157,61,96
158,61,97
159,62,97
160,62,98
161,63,98
162,63,99
163,63,100
164,63,101
165,63,102
166,64,102
167,65,102
168,65,103
169,65,104
170,65,105
171,65,106
172,65,107
173,65,108
174,66,108
175,67,108
176,67,109
177,67,110
178,67,111
179,67,112
180,67,113
181,68,113
182,69,113
183,70,113
184,70,114
185,71,114
186,72,114
187,73,114
188,73,115
189,73,116
190,73,117
191,74,117
192,74,118
193,74,119
194,74,120
195,74,121
196,75,121
197,75,122
198,76,122
199,76,123
200,76,124
201,77,124
202,77,125
203,77,126
204,77,127
205,77,128
206,78,128
207,79,128
208,80,128
209,81,128
210,81,129
211,82,129
212,83,129
213,83,130
214,84,130
215,85,130
216,86,130
217,86,131
218,86,132
219,86,133
220,86,134
221,86,135
222,87,135
223,87,136
224,88,136
225,88,137
226,89,137
227,89,138
228,90,138
229,90,139
230,90,140
231,90,141
232,90,142
233,91,142
234,91,143
235,91,144
236,91,145
237,91,146
238,91,147
239,91,148
240,92,148
241,93,148
242,93,149
243,94,149
244,94,150
245,94,151
246,95,151
247,95,152
248,96,152
249,96,153
250,97,153
251,97,154
252,98,154
253,98,155
254,98,156
255,98,157
256,98,158
257,99,158
258,99,159
259,100,159
260,100,160
261,101,160
262,101,161
263,101,162
264,101,163
265,101,164
266,102,164
267,103,164
268,103,165
269,103,166
270,103,167
271,104,167
272,105,167
273,105,168
274,105,169
275,105,170
276,105,171
277,105,172
278,106,172
279,106,173
280,107,173
281,107,174
282,107,175
283,108,175
284,108,176
285,109,176
286,109,177
287,109,178
288,109,179
289,110,179
290,111,179
291,112,179
292,113,179
293,113,180
294,114,180
295,114,181
296,114,182
297,114,183
298,114,184
299,115,184
300,116,184
301,116,185
302,117,185
303,118,185
304,118,186
305,119,186
306,119,187
307,119,188
308,119,189
309,119,190
310,119,191
311,120,191
312,121,191
313,121,192
314,122,192
315,123,192
316,123,193
317,123,194
318,124,194
319,124,195
320,125,195
321,125,196
322,125,197
323,126,197
324,127,197
325,128,197
326,129,197
327,129,198
328,130,198
329,130,199
330,131,199
331,131,200
332,131,201
333,131,202
334,131,203
335,131,204
336,132,204
337,132,205
338,132,206
339,132,207
340,132,208
341,132,209
342,132,210
343,133,210
344,133,211
345,133,212
346,133,213
347,133,214
348,134,214
349,134,215
350,135,215
351,135,216
352,135,217
353,136,217
354,136,218
355,136,219
356,136,220
357,136,221
358,136,222
359,137,222
360,137,223
361,137,224
362,138,224
363,139,224
364,140,224
365,140,225
366,141,225
367,141,226
368,141,227
369,142,227
370,143,227
371,144,227
372,145,227
373,145,228
374,146,228
375,147,228
376,147,229
377,148,229
378,149,229
379,149,230
380,149,231
381,150,231
382,150,232
383,151,232
384,152,232
385,153,232
386,154,232
387,154,233
388,154,234
389,154,235
390,155,235
391,155,236
392,155,237
393,155,238
394,156,238
395,157,238
396,157,239
397,157,240
398,158,240
399,158,241
400,158,242
401,158,243
402,158,244
403,158,245
404,159,245
405,160,245
406,160,246
407,160,247
408,160,248
409,160,249
410,160,250
411,160,251
412,160,252
413,161,252
414,162,252
415,162,253
416,162,254
417,163,254
418,163,255
419,164,255
420,164,256
421,164,257
422,165,257
423,166,257
424,167,257
425,167,258
426,168,258
427,169,258
428,169,259
429,170,259
430,170,260
431,170,261
432,171,261
433,171,262
434,171,263
435,171,264
436,172,264
437,173,264
438,174,264
439,174,265
440,174,266
441,174,267
442,174,268
443,174,269
444,175,269
445,175,270
446,176,270
447,177,270
448,177,271
449,178,271
450,178,272
451,178,273
452,178,274
453,178,275
454,179,275
455,179,276
456,179,277
457,180,277
458,181,277
459,181,278
460,181,279
461,182,279
462,183,279
463,183,280
464,183,281
465,183,282
466,184,282
467,184,283
468,185,283
469,185,284
470,185,285
471,185,286
472,186,286
473,187,286
474,188,286
475,188,287
476,188,288
477,189,288
478,189,289
479,189,290
480,189,291
481,189,292
482,189,293
483,190,293
484,191,293
485,191,294
486,191,295
487,191,296
488,191,297
489,191,298
490,191,299
491,192,299
492,192,300
493,192,301
494,192,302
495,192,303
496,192,304
497,192,305
498,193,305
499,193,306
500,194,306
