1,0,1
2,0,2
3,0,3
4,0,4
5,1,4
6,2,4
7,2,5
8,2,6
9,2,7
10,2,8
11,3,8
12,4,8
13,5,8
14,5,9
15,6,9
16,6,10
17,7,10
18,7,11
19,8,11
20,9,11
21,10,11
22,10,12
23,10,13
24,10,14
25,11,14
26,11,15
27,11,16
28,11,17
29,11,18
30,12,18
31,12,19
32,12,20
33,13,20
34,14,20
35,14,21
36,15,21
37,16,21
38,17,21
39,18,21
40,18,22
41,18,23
42,19,23
43,20,23
44,20,24
45,20,25
46,20,26
47,20,27
48,20,28
49,21,28
50,22,28
51,23,28
52,24,28
53,24,29
54,25,29
55,25,30
56,25,31
57,25,32
58,26,32
59,26,33
60,27,33
61,27,34
62,28,34
63,28,35
64,29,35
65,30,35
66,30,36
67,30,37
68,31,37
69,31,38
70,31,39
71,32,39
72,32,40
73,32,41
74,32,42
75,33,42
76,33,43
77,33,44
78,34,44
79,34,45
80,35,45
81,35,46
82,35,47
83,36,47
84,37,47
85,37,48
86,38,48
87,38,49
88,38,50
89,39,50
90,39,51
91,39,52
92,40,52
93,41,52
94,41,53
95,42,53
96,42,54
97,42,55
98,43,55
99,44,55
100,44,56
101,44,57
102,44,58
103,45,58
104,46,58
105,47,58
106,47,59
107,47,60
108,47,61
109,47,62
110,48,62
111,48,63
112,49,63
113,49,64
114,50,64
115,50,65
116,50,66
117,51,66
118,52,66
119,52,67
120,53,67
121,53,68
122,53,69
123,54,69
124,54,70
125,55,70
126,55,71
127,56,71
128,57,71
129,57,72
130,57,73
131,57,74
132,58,74
133,58,75
134,58,76
135,59,76
136,60,76
137,61,76
138,61,77
139,61,78
140,61,79
141,61,80
142,62,80
143,63,80
144,63,81
145,64,81
146,64,82
147,65,82
148,66,82
149,67,82
150,68,82
151,68,83
152,69,83
153,70,83
154,70,84
155,70,85
156,70,86
157,70,87
158,71,87
159,72,87
160,72,88
161,72,89
162,73,89
163,74,89
164,74,90
165,74,91
166,75,91
167,75,92
168,75,93
169,75,94
170,76,94
171,76,95
172,76,96
173,76,97
174,77,97
175,77,98
176,78,98
177,79,98
178,79,99
179,80,99
180,80,100
181,81,100
182,81,101
183,81,102
184,82,102
185,83,102
186,83,103
187,83,104
188,83,105
189,83,106
190,83,107
191,83,108
192,83,109
193,84,109
194,84,110
195,84,111
196,84,112
197,84,113
198,84,114
199,85,114
200,85,115
201,86,115
202,87,115
203,88,115
204,89,115
205,89,116
206,90,116
207,91,116
208,91,117
209,91,118
210,92,118
211,92,119
212,92,120
213,92,121
214,93,121
215,93,122
216,93,123
217,94,123
218,94,124
219,94,125
220,94,126
221,95,126
222,95,127
223,96,127
224,96,128
225,97,128
226,97,129
227,97,130
228,97,131
229,97,132
230,98,132
231,99,132
232,100,132
233,100,133
234,101,133
235,102,133
236,103,133
237,103,134
238,104,134
239,105,134
240,106,134
241,106,135
242,107,135
243,107,136
244,107,137
245,107,138
246,108,138
247,109,138
248,109,139
249,109,140
250,110,140
251,110,141
252,110,142
253,111,142
254,112,142
255,113,142
256,114,142
257,115,142
258,115,143
259,116,143
260,117,143
261,117,144
262,117,145
263,117,146
264,117,147
265,118,147
266,118,148
267,118,149
268,119,149
269,120,149
270,120,150
271,121,150
272,121,151
273,121,152
274,121,153
275,122,153
276,123,153
277,123,154
278,123,155
279,124,155
280,124,156
281,125,156
282,125,157
283,125,158
284,125,159
285,125,160
286,125,161
287,126,161
288,126,162
289,126,163
290,127,163
291,128,163
292,128,164
293,129,164
294,130,164
295,131,164
296,131,165
297,131,166
298,132,166
299,132,167
300,132,168
301,132,169
302,133,169
303,133,170
304,133,171
305,133,172
306,133,173
307,133,174
308,133,175
309,133,176
310,134,176
311,134,177
312,135,177
313,136,177
314,136,178
315,137,178
316,138,178
317,138,179
318,139,179
319,139,180
320,139,181
321,140,181
322,141,181
323,142,181
324,143,181
325,144,181
326,144,182
327,145,182
328,145,183
329,145,184
330,145,185
331,146,185
332,147,185
333,147,186
334,147,187
335,147,188
336,147,189
337,148,189
338,148,190
339,148,191
340,148,192
341,148,193
342,148,194
343,148,195
344,148,196
345,149,196
346,149,197
347,150,197
348,150,198
349,150,199
350,150,200
351,151,200
352,151,201
353,151,202
354,152,202
355,153,202
356,154,202
357,155,202
358,155,203
359,156,203
360,157,203
361,157,204
362,157,205
363,157,206
364,158,206
365,159,206
366,159,207
367,159,208
368,159,209
369,159,210
370,159,211
371,159,212
372,159,213
373,160,213
374,160,214
375,161,214
376,162,214
377,163,214
378,163,215
379,163,216
380,164,216
381,165,216
382,166,216
383,166,217
384,167,217
385,167,218
386,168,218
387,168,219
388,168,220
389,168,221
390,168,222
391,169,222
392,169,223
393,169,224
394,169,225
395,170,225
396,171,225
397,172,225
398,172,226
399,172,227
400,172,228
401,172,229
402,172,230
403,173,230
404,174,230
405,174,231
406,174,232
407,174,233
408,174,234
409,174,235
410,174,236
411,175,236
412,176,236
413,177,236
414,178,236
415,178,237
416,178,238
417,178,239
418,179,239
419,179,240
420,180,240
421,181,240
422,182,240
423,182,241
424,183,241
425,183,242
426,184,242
427,185,242
428,185,243
429,185,244
430,185,245
431,185,246
432,185,247
433,186,247
434,187,247
435,188,247
436,188,248
437,188,249
438,189,249
439,190,249
440,190,250
441,190,251
442,190,252
443,190,253
444,191,253
445,191,254
446,191,255
447,191,256
448,191,257
449,192,257
450,193,257
451,194,257
452,195,257
453,195,258
454,196,258
455,196,259
456,197,259
457,198,259
458,199,259
459,200,259
460,200,260
461,201,260
462,202,260
463,202,261
464,203,261
465,204,261
466,204,262
467,204,263
468,204,264
469,204,265
470,205,265
471,206,265
472,206,266
473,206,267
474,206,268
475,206,269
476,206,270
477,207,270
478,208,270
479,209,270
480,210,270
481,210,271
482,211,271
483,211,272
484,211,273
485,212,273
486,212,274
487,212,275
488,212,276
489,213,276
490,214,276
491,215,276
492,216,276
493,216,277
494,217,277
495,218,277
496,218,278
497,218,279
498,219,279
499,220,279
500,220,280
