1,0,1
2,1,1
3,1,2
4,1,3
5,2,3
6,3,3
7,3,4
8,3,5
9,4,5
10,4,6
11,5,6
12,6,6
13,6,7
14,6,8
15,6,9
16,6,10
17,7,10
18,8,10
19,9,10
20,9,11
21,9,12
22,10,12
23,10,13
24,11,13
25,11,14
26,11,15
27,11,16
28,12,16
29,12,17
30,12,18
31,12,19
32,13,19
33,14,19
34,15,19
35,15,20
36,16,20
37,16,21
38,16,22
39,16,23
40,16,24
41,17,24
42,18,24
43,19,24
44,19,25
45,19,26
46,19,27
47,19,28
48,20,28
49,20,29
50,21,29
51,22,29
52,23,29
53,24,29
54,24,30
55,25,30
56,25,31
57,25,32
58,26,32
59,27,32
60,28,32
61,29,32
62,29,33
63,29,34
64,29,35
65,29,36
66,29,37
67,29,38
68,29,39
69,29,40
70,30,40
71,30,41
72,30,42
73,30,43
74,31,43
75,32,43
76,33,43
77,34,43
78,35,43
79,35,44
80,36,44
81,37,44
82,38,44
83,38,45
84,39,45
85,39,46
86,39,47
87,39,48
88,40,48
89,40,49
90,40,50
91,41,50
92,41,51
93,41,52
94,42,52
95,43,52
96,43,53
97,43,54
98,44,54
99,45,54
100,46,54
101,47,54
102,47,55
103,47,56
104,47,57
105,47,58
106,47,59
107,48,59
108,48,60
109,48,61
110,48,62
111,49,62
112,50,62
113,51,62
114,52,62
115,52,63
116,52,64
117,53,64
118,54,64
119,54,65
120,54,66
121,54,67
122,55,67
123,55,68
124,56,68
125,56,69
126,56,70
127,57,70
128,58,70
129,58,71
130,58,72
131,58,73
132,59,73
133,59,74
134,59,75
135,59,76
136,60,76
137,60,77
138,61,77
139,61,78
140,62,78
141,63,78
142,63,79
143,63,80
144,63,81
145,64,81
146,64,82
147,65,82
148,66,82
149,66,83
150,67,83
151,68,83
152,68,84
153,68,85
154,69,85
155,70,85
156,70,86
157,70,87
158,70,88
159,70,89
160,71,89
161,71,90
162,71,91
163,71,92
164,71,93
165,71,94
166,71,95
167,72,95
168,72,96
169,73,96
170,74,96
171,75,96
172,76,96
173,77,96
174,77,97
175,78,97
176,79,97
177,79,98
178,79,99
179,80,99
180,81,99
181,81,100
182,81,101
183,82,101
184,83,101
185,83,102
186,83,103
187,83,104
188,83,105
189,83,106
190,83,107
191,83,108
192,83,109
193,83,110
194,83,111
195,83,112
196,84,112
197,84,113
198,85,113
199,86,113
200,86,114
201,86,115
202,87,115
203,88,115
204,88,116
205,89,116
206,90,116
207,91,116
208,91,117
209,92,117
210,92,118
211,92,119
212,93,119
213,94,119
214,94,120
215,95,120
216,95,121
217,95,122
218,96,122
219,96,123
220,97,123
221,98,123
222,98,124
223,98,125
224,98,126
225,99,126
226,99,127
227,100,127
228,101,127
229,102,127
230,103,127
231,103,128
232,104,128
233,105,128
234,106,128
235,106,129
236,106,130
237,107,130
238,108,130
239,109,130
240,109,131
241,109,132
242,109,133
243,110,133
244,111,133
245,111,134
246,111,135
247,111,136
248,112,136
249,112,137
250,113,137
251,114,137
252,114,138
253,115,138
254,116,138
255,116,139
256,117,139
257,117,140
258,117,141
259,118,141
260,118,142
261,119,142
262,119,143
263,119,144
264,120,144
265,120,145
266,120,146
267,121,146
268,121,147
269,121,148
270,122,148
271,122,149
272,122,150
273,123,150
274,123,151
275,123,152
276,123,153
277,123,154
278,124,154
279,124,155
280,125,155
281,126,155
282,126,156
283,127,156
284,127,157
285,127,158
286,127,159
287,128,159
288,128,160
289,129,160
290,129,161
291,129,162
292,130,162
293,131,162
294,131,163
295,132,163
296,132,164
297,133,164
298,133,165
299,133,166
300,134,166
301,134,167
302,135,167
303,136,167
304,136,168
305,137,168
306,137,169
307,137,170
308,137,171
309,137,172
310,137,173
311,137,174
312,137,175
313,138,175
314,139,175
315,140,175
316,140,176
317,141,176
318,141,177
319,142,177
320,143,177
321,144,177
322,144,178
323,144,179
324,144,180
325,145,180
326,146,180
327,147,180
328,147,181
329,148,181
330,149,181
331,149,182
332,149,183
333,149,184
334,149,185
335,150,185
336,150,186
337,151,186
338,152,186
339,152,187
340,153,187
341,154,187
342,155,187
343,155,188
344,155,189
345,156,189
346,157,189
347,158,189
348,158,190
349,159,190
350,160,190
351,160,191
352,161,191
353,162,191
354,163,191
355,163,192
356,164,192
357,164,193
358,164,194
359,165,194
360,165,195
361,165,196
362,165,197
363,166,197
364,167,197
365,167,198
366,168,198
367,168,199
368,169,199
369,169,200
370,169,201
371,169,202
372,169,203
373,169,204
374,169,205
375,170,205
376,171,205
377,171,206
378,172,206
379,172,207
380,172,208
381,172,209
382,172,210
383,172,211
384,172,212
385,173,212
386,174,212
387,175,212
388,176,212
389,177,212
390,177,213
391,178,213
392,179,213
393,179,214
394,179,215
395,180,215
396,180,216
397,180,217
398,181,217
399,181,218
400,182,218
401,182,219
402,183,219
403,183,220
404,183,221
405,184,221
406,185,221
407,185,222
408,186,222
409,187,222
410,187,223
411,187,224
412,187,225
413,188,225
414,189,225
415,190,225
416,190,226
417,190,227
418,190,228
419,190,229
420,191,229
421,191,230
422,191,231
423,192,231
424,192,232
425,193,232
426,194,232
427,194,233
428,194,234
429,195,234
430,195,235
431,196,235
432,197,235
433,197,236
434,198,236
435,198,237
436,198,238
437,198,239
438,199,239
439,199,240
440,199,241
441,199,242
442,200,242
443,200,243
444,200,244
445,200,245
446,200,246
447,201,246
448,201,247
449,202,247
450,203,247
451,204,247
452,204,248
453,205,248
454,205,249
455,205,250
456,206,250
457,206,251
458,206,252
459,207,252
460,207,253
461,207,254
462,207,255
463,208,255
464,209,255
465,209,256
466,209,257
467,210,257
468,211,257
469,212,257
470,212,258
471,212,259
472,213,259
473,214,259
474,214,260
475,214,261
476,215,261
477,216,261
478,217,261
479,218,261
480,218,262
481,218,263
482,219,263
483,220,263
484,220,264
485,220,265
486,220,266
487,221,266
488,221,267
489,221,268
490,222,268
491,223,268
492,223,269
493,223,270
494,223,271
495,223,272
496,223,273
497,224,273
498,224,274
499,224,275
500,225,275
