1,0,1
2,1,1
3,1,2
4,1,3
5,1,4
6,2,4
7,2,5
8,3,5
9,3,6
10,4,6
11,4,7
12,5,7
13,5,8
14,5,9
15,6,9
16,7,9
17,7,10
18,8,10
19,8,11
20,8,12
21,8,13
22,8,14
23,8,15
24,9,15
25,9,16
26,9,17
27,10,17
28,10,18
29,11,18
30,11,19
31,11,20
32,11,21
33,12,21
34,13,21
35,13,22
36,14,22
37,14,23
38,14,24
39,15,24
40,15,25
41,16,25
42,17,25
43,18,25
44,19,25
45,19,26
46,20,26
47,21,26
48,21,27
49,21,28
50,22,28
51,22,29
52,22,30
53,23,30
54,23,31
55,23,32
56,23,33
57,23,34
58,24,34
59,24,35
60,24,36
61,25,36
62,25,37
63,25,38
64,26,38
65,26,39
66,26,40
67,26,41
68,26,42
69,26,43
70,26,44
71,27,44
72,27,45
73,28,45
74,29,45
75,29,46
76,30,46
77,31,46
78,31,47
79,32,47
80,32,48
81,32,49
82,32,50
83,32,51
84,33,51
85,33,52
86,33,53
87,33,54
88,34,54
89,35,54
90,36,54
91,36,55
92,36,56
93,36,57
94,36,58
95,37,58
96,38,58
97,38,59
98,38,60
99,38,61
100,39,61
101,39,62
102,40,62
103,40,63
104,40,64
105,40,65
106,40,66
107,41,66
108,41,67
109,41,68
110,41,69
111,41,70
112,41,71
113,42,71
114,43,71
115,43,72
116,44,72
117,45,72
118,45,73
119,45,74
120,45,75
121,46,75
122,46,76
123,46,77
124,47,77
125,47,78
126,48,78
127,48,79
128,49,79
129,49,80
130,50,80
131,50,81
132,50,82
133,51,82
134,52,82
135,53,82
136,54,82
137,55,82
138,55,83
139,56,83
140,56,84
141,57,84
142,57,85
143,57,86
144,57,87
145,58,87
146,58,88
147,59,88
148,60,88
149,60,89
150,61,89
151,61,90
152,62,90
153,62,91
154,62,92
155,62,93
156,62,94
157,62,95
158,63,95
159,63,96
160,64,96
161,64,97
162,64,98
163,65,98
164,65,99
165,65,100
166,66,100
167,67,100
168,68,100
169,68,101
170,68,102
171,68,103
172,68,104
173,69,104
174,70,104
175,71,104
176,72,104
177,73,104
178,73,105
179,73,106
180,74,106
181,74,107
182,74,108
183,74,109
184,75,109
185,75,110
186,75,111
187,75,112
188,76,112
189,77,112
190,77,113
191,77,114
192,78,114
193,78,115
194,79,115
195,79,116
196,80,116
197,81,116
198,82,116
199,82,117
200,82,118
201,82,119
202,83,119
203,83,120
204,83,121
205,83,122
206,83,123
207,84,123
208,84,124
209,85,124
210,85,125
211,85,126
212,86,126
213,86,127
214,86,128
215,87,128
216,87,129
217,87,130
218,87,131
219,88,131
220,88,132
221,89,132
222,89,133
223,90,133
224,91,133
225,91,134
226,91,135
227,91,136
228,92,136
229,93,136
230,93,137
231,93,138
232,93,139
233,94,139
234,94,140
235,95,140
236,95,141
237,96,141
238,96,142
239,97,142
240,97,143
241,97,144
242,97,145
243,98,145
244,99,145
245,99,146
246,99,147
247,100,147
248,100,148
249,101,148
250,101,149
251,102,149
252,103,149
253,104,149
254,104,150
255,105,150
256,105,151
257,106,151
258,106,152
259,106,153
260,107,153
261,108,153
262,108,154
263,108,155
264,109,155
265,109,156
266,109,157
267,109,158
268,110,158
269,111,158
270,111,159
271,112,159
272,113,159
273,114,159
274,115,159
275,115,160
276,115,161
277,115,162
278,115,163
279,116,163
280,117,163
281,118,163
282,119,163
283,119,164
284,120,164
285,121,164
286,122,164
287,123,164
288,124,164
289,124,165
290,124,166
291,125,166
292,125,167
293,125,168
294,125,169
295,125,170
296,126,170
297,126,171
298,127,171
299,128,171
300,129,171
301,130,171
302,131,171
303,131,172
304,131,173
305,132,173
306,132,174
307,133,174
308,133,175
309,134,175
310,134,176
311,134,177
312,134,178
313,135,178
314,136,178
315,137,178
316,137,179
317,137,180
318,137,181
319,138,181
320,139,181
321,139,182
322,140,182
323,140,183
324,141,183
325,141,184
326,141,185
327,141,186
328,141,187
329,142,187
330,142,188
331,142,189
332,142,190
333,143,190
334,144,190
335,145,190
336,145,191
337,146,191
338,147,191
339,148,191
340,148,192
341,148,193
342,148,194
343,148,195
344,149,195
345,149,196
346,149,197
347,150,197
348,150,198
349,150,199
350,150,200
351,150,201
352,150,202
353,151,202
354,151,203
355,152,203
356,152,204
357,153,204
358,153,205
359,154,205
360,155,205
361,155,206
362,156,206
363,157,206
364,157,207
365,157,208
366,158,208
367,159,208
368,159,209
369,160,209
370,160,210
371,161,210
372,162,210
373,163,210
374,163,211
375,164,211
376,164,212
377,165,212
378,165,213
379,166,213
380,166,214
381,166,215
382,166,216
383,166,217
384,166,218
385,166,219
386,166,220
387,167,220
388,167,221
389,168,221
390,168,222
391,168,223
392,168,224
393,168,225
394,169,225
395,169,226
396,169,227
397,170,227
398,171,227
399,171,228
400,172,228
401,172,229
402,172,230
403,173,230
404,173,231
405,174,231
406,175,231
407,175,232
408,176,232
409,177,232
410,177,233
411,177,234
412,177,235
413,178,235
414,178,236
415,178,237
416,178,238
417,179,238
418,180,238
419,181,238
420,182,238
421,182,239
422,183,239
423,183,240
424,183,241
425,184,241
426,184,242
427,185,242
428,186,242
429,186,243
430,186,244
431,186,245
432,187,245
433,187,246
434,187,247
435,188,247
436,188,248
437,189,248
438,189,249
439,190,249
440,190,250
441,190,251
442,190,252
443,191,252
444,192,252
445,192,253
446,192,254
447,192,255
448,192,256
449,193,256
450,193,257
451,194,257
452,194,258
453,195,258
454,195,259
455,196,259
456,197,259
457,197,260
458,197,261
459,197,262
460,198,262
461,198,263
462,198,264
463,198,265
464,198,266
465,199,266
466,200,266
467,201,266
468,201,267
469,201,268
470,201,269
471,202,269
472,202,270
473,202,271
474,203,271
475,203,272
476,204,272
477,205,272
478,205,273
479,206,273
480,207,273
481,208,273
482,208,274
483,209,274
484,210,274
485,211,274
486,211,275
487,212,275
488,213,275
489,213,276
490,213,277
491,214,277
492,214,278
493,215,278
494,216,278
495,217,278
496,217,279
497,218,279
498,218,280
499,219,280
500,220,280
