1,1,0
2,2,0
3,3,0
4,3,1
5,4,1
6,5,1
7,5,2
8,5,3
9,5,4
10,5,5
11,5,6
12,6,6
13,7,6
14,7,7
15,7,8
16,7,9
17,8,9
18,9,9
19,10,9
20,11,9
21,12,9
22,13,9
23,13,10
24,13,11
25,14,11
26,14,12
27,15,12
28,16,12
29,17,12
30,18,12
31,19,12
32,20,12
33,21,12
34,21,13
35,22,13
36,23,13
37,23,14
38,24,14
39,24,15
40,24,16
41,25,16
42,26,16
43,27,16
44,28,16
45,29,16
46,29,17
47,29,18
48,30,18
49,30,19
50,30,20
51,30,21
52,31,21
53,31,22
54,31,23
55,32,23
56,33,23
57,34,23
58,34,24
59,34,25
60,35,25
61,36,25
62,37,25
63,37,26
64,38,26
65,38,27
66,39,27
67,39,28
68,40,28
69,41,28
70,42,28
71,43,28
72,44,28
73,44,29
74,44,30
75,44,31
76,45,31
77,46,31
78,47,31
79,47,32
80,48,32
81,49,32
82,49,33
83,49,34
84,49,35
85,49,36
86,49,37
87,50,37
88,50,38
89,50,39
90,50,40
91,51,40
92,52,40
93,53,40
94,53,41
95,53,42
96,53,43
97,53,44
98,53,45
99,53,46
100,54,46
101,54,47
102,54,48
103,55,48
104,56,48
105,56,49
106,56,50
107,57,50
108,58,50
109,59,50
110,59,51
111,60,51
112,60,52
113,60,53
114,60,54
115,60,55
116,60,56
117,60,57
118,60,58
119,60,59
120,61,59
121,61,60
122,62,60
123,63,60
124,64,60
125,65,60
126,66,60
127,67,60
128,68,60
129,69,60
130,69,61
131,70,61
132,70,62
133,71,62
134,72,62
135,72,63
136,72,64
137,73,64
138,74,64
139,74,65
140,74,66
141,74,67
142,75,67
143,76,67
144,76,68
145,76,69
146,76,70
147,77,70
148,77,71
149,78,71
150,79,71
151,79,72
152,80,72
153,81,72
154,82,72
155,83,72
156,84,72
157,84,73
158,85,73
159,86,73
160,86,74
161,87,74
162,87,75
163,88,75
164,89,75
165,89,76
166,90,76
167,90,77
168,90,78
169,91,78
170,92,78
171,92,79
172,92,80
173,93,80
174,93,81
175,94,81
176,95,81
177,96,81
178,97,81
179,97,82
180,98,82
181,99,82
182,99,83
183,99,84
184,100,84
185,100,85
186,101,85
187,102,85
188,103,85
189,103,86
190,103,87
191,103,88
192,104,88
193,105,88
194,106,88
195,107,88
196,108,88
197,109,88
198,110,88
199,110,89
200,110,90
201,111,90
202,112,90
203,112,91
204,112,92
205,113,92
206,114,92
207,115,92
208,116,92
209,116,93
210,117,93
211,118,93
212,118,94
213,118,95
214,119,95
215,119,96
216,120,96
217,121,96
218,122,96
219,122,97
220,122,98
221,123,98
222,124,98
223,124,99
224,124,100
225,124,101
226,124,102
227,124,103
228,124,104
229,124,105
230,125,105
231,126,105
232,126,106
233,127,106
234,127,107
235,127,108
236,127,109
237,127,110
238,128,110
239,129,110
240,129,111
241,130,111
242,131,111
243,131,112
244,132,112
245,132,113
246,132,114
247,132,115
248,132,116
249,132,117
250,133,117
251,134,117
252,134,118
253,134,119
254,134,120
255,135,120
256,135,121
257,136,121
258,137,121
259,137,122
260,137,123
261,138,123
262,139,123
263,140,123
264,141,123
265,142,123
266,143,123
267,143,124
268,143,125
269,143,126
270,143,127
271,144,127
272,144,128
273,144,129
274,144,130
275,145,130
276,146,130
277,146,131
278,147,131
279,147,132
280,148,132
281,149,132
282,149,133
283,150,133
284,150,134
285,150,135
286,150,136
287,150,137
288,151,137
289,151,138
290,152,138
291,152,139
292,152,140
293,152,141
294,153,141
295,154,141
296,155,141
297,156,141
298,156,142
299,157,142
300,158,142
301,159,142
302,160,142
303,160,143
304,161,143
305,161,144
306,161,145
307,162,145
308,162,146
309,162,147
310,163,147
311,164,147
312,164,148
313,165,148
314,166,148
315,167,148
316,168,148
317,169,148
318,169,149
319,169,150
320,170,150
321,171,150
322,172,150
323,173,150
324,173,151
325,174,151
326,174,152
327,175,152
328,176,152
329,176,153
330,177,153
331,177,154
332,177,155
333,177,156
334,177,157
335,178,157
336,179,157
337,179,158
338,179,159
339,180,159
340,180,160
341,180,161
342,181,161
343,182,161
344,182,162
345,182,163
346,183,163
347,183,164
348,183,165
349,184,165
350,185,165
351,185,166
352,186,166
353,187,166
354,187,167
355,188,167
356,188,168
357,189,168
358,190,168
359,190,169
360,190,170
361,190,171
362,191,171
363,191,172
364,192,172
365,192,173
366,192,174
367,193,174
368,194,174
369,194,175
370,195,175
371,196,175
372,197,175
373,197,176
374,198,176
375,198,177
376,199,177
377,200,177
378,201,177
379,201,178
380,202,178
381,202,179
382,202,180
383,203,180
384,203,181
385,203,182
386,204,182
387,205,182
388,206,182
389,206,183
390,207,183
391,208,183
392,209,183
393,210,183
394,210,184
395,211,184
396,211,185
397,212,185
398,213,185
399,214,185
400,214,186
401,215,186
402,216,186
403,216,187
404,217,187
405,218,187
406,218,188
407,219,188
408,220,188
409,220,189
410,221,189
411,222,189
412,222,190
413,223,190
414,223,191
415,223,192
416,223,193
417,223,194
418,223,195
419,223,196
420,223,197
421,223,198
422,224,198
423,225,198
424,226,198
425,227,198
426,228,198
427,228,199
428,228,200
429,229,200
430,229,201
431,229,202
432,229,203
433,230,203
434,231,203
435,232,203
436,232,204
437,232,205
438,233,205
439,234,205
440,234,206
441,235,206
442,235,207
443,236,207
444,237,207
445,238,207
446,238,208
447,239,208
448,239,209
449,240,209
450,241,209
451,242,209
452,242,210
453,243,210
454,244,210
455,245,210
456,246,210
457,247,210
458,247,211
459,248,211
460,248,212
461,249,212
462,249,213
463,249,214
464,249,215
465,250,215
466,250,216
467,251,216
468,252,216
469,252,217
470,252,218
471,252,219
472,252,220
473,252,221
474,253,221
475,254,221
476,254,222
477,254,223
478,255,223
479,256,223
480,256,224
481,257,224
482,258,224
483,258,225
484,259,225
485,259,226
486,260,226
487,261,226
488,261,227
489,261,228
490,262,228
491,262,229
492,263,229
493,263,230
494,263,231
495,263,232
496,263,233
497,264,233
498,265,233
499,266,233
500,267,233
