0.8,0.7,0.6,1.0,0.6,0.2,0.6,40.68,20.62,10.98,0.59
0.8,0.7,0.5,1.0,0.6,0.2,0.6,46.8,21.88,11.23,0.6
0.8,0.7,0.7,1.0,0.6,0.2,0.6,37.44,17.71,10.8,0.67
0.8,0.7,0.6,0.9,0.6,0.2,0.6,37.8,18.85,10.94,0.63
0.7,0.7,0.6,1.0,0.6,0.2,0.6,41.04,20.05,10.97,0.62
0.9,0.7,0.6,1.0,0.6,0.2,0.6,40.68,19.8,10.89,0.62
0.8,0.6,0.6,1.0,0.6,0.2,0.6,43.199999999999996,20.98,11.13,0.6
0.8,0.8,0.6,1.0,0.6,0.2,0.6,43.199999999999996,20.58,10.9,0.6
0.8,0.7,0.6,1.0,0.5,0.2,0.6,41.4,19.72,10.9,0.61
0.8,0.7,0.6,1.0,0.7,0.2,0.6,46.8,20.62,11.05,0.61
0.8,0.7,0.6,1.0,0.6,0.3,0.6,43.559999999999995,19.61,10.77,0.62
0.8,0.7,0.6,1.0,0.6,0.1,0.6,42.12,20.3,11.22,0.62
0.8,0.7,0.6,1.0,0.6,0.2,0.5,44.64,19.73,11.49,0.65
0.8,0.7,0.6,1.0,0.6,0.2,0.7,40.68,21.11,10.93,0.59
0.8,0.7,0.8,1.0,0.6,0.2,0.6,35.64,17.69,10.98,0.66
0.8,0.7,0.7,0.9,0.6,0.2,0.6,37.08,18.36,11.09,0.65
0.7,0.7,0.7,1.0,0.6,0.2,0.6,39.6,18.94,11.08,0.66
0.9,0.7,0.7,1.0,0.6,0.2,0.6,38.879999999999995,18.12,10.76,0.66
0.8,0.6,0.7,1.0,0.6,0.2,0.6,36.36,16.94,10.9,0.7
0.8,0.8,0.7,1.0,0.6,0.2,0.6,37.44,17.71,10.8,0.67
0.8,0.7,0.7,1.0,0.5,0.2,0.6,41.04,16.88,10.83,0.71
0.8,0.7,0.7,1.0,0.7,0.2,0.6,39.6,18.94,11.08,0.66
0.8,0.7,0.7,1.0,0.6,0.3,0.6,34.56,15.85,10.68,0.73
0.8,0.7,0.7,1.0,0.6,0.1,0.6,39.6,18.33,11.15,0.68
0.8,0.7,0.7,1.0,0.6,0.2,0.5,41.04,17.59,11.22,0.72
0.8,0.7,0.7,1.0,0.6,0.2,0.7,38.16,18.46,10.83,0.64
0.8,0.7,0.8,1.0,0.6,0.2,0.7,33.839999999999996,17.62,10.84,0.65
0.8,0.7,0.7,0.9,0.6,0.2,0.7,37.08,17.83,10.89,0.67
0.7,0.7,0.7,1.0,0.6,0.2,0.7,38.879999999999995,18.12,10.76,0.66
0.9,0.7,0.7,1.0,0.6,0.2,0.7,40.32,18.47,10.79,0.64
0.8,0.6,0.7,1.0,0.6,0.2,0.7,38.519999999999996,19.23,10.92,0.62
0.8,0.8,0.7,1.0,0.6,0.2,0.7,36.72,17.88,10.81,0.67
0.8,0.7,0.7,1.0,0.5,0.2,0.7,40.32,18.47,10.79,0.64
0.8,0.7,0.7,1.0,0.7,0.2,0.7,36.36,17.67,10.8,0.67
0.8,0.7,0.7,1.0,0.6,0.3,0.7,37.08,18.66,10.78,0.63
0.8,0.7,0.7,1.0,0.6,0.1,0.7,39.6,18.94,11.08,0.66
0.9,0.7,0.6,1.0,0.6,0.2,0.7,41.4,21.23,10.83,0.58
0.9,0.7,0.8,1.0,0.6,0.2,0.7,35.28,17.87,10.88,0.66
0.9,0.7,0.7,0.9,0.6,0.2,0.7,35.28,17.64,10.97,0.68
1.0,0.7,0.7,1.0,0.6,0.2,0.7,40.32,19.16,10.91,0.62
0.9,0.6,0.7,1.0,0.6,0.2,0.7,39.6,19.11,10.77,0.62
0.9,0.8,0.7,1.0,0.6,0.2,0.7,38.16,18.46,10.83,0.64
0.9,0.7,0.7,1.0,0.5,0.2,0.7,38.519999999999996,18.79,10.82,0.63
0.9,0.7,0.7,1.0,0.7,0.2,0.7,36.72,18.27,10.8,0.64
0.9,0.7,0.7,1.0,0.6,0.3,0.7,37.08,18.66,10.78,0.63
0.9,0.7,0.7,1.0,0.6,0.1,0.7,37.44,17.71,10.8,0.67
0.9,0.6,0.6,1.0,0.6,0.2,0.7,41.04,21.33,10.85,0.59
0.9,0.6,0.8,1.0,0.6,0.2,0.7,34.199999999999996,17.41,10.73,0.67
0.9,0.6,0.7,0.9,0.6,0.2,0.7,34.92,18.07,10.92,0.65
1.0,0.6,0.7,1.0,0.6,0.2,0.7,40.32,19.16,10.91,0.62
0.9,0.5,0.7,1.0,0.6,0.2,0.7,40.32,19.16,10.91,0.62
0.9,0.6,0.7,1.0,0.5,0.2,0.7,37.08,18.66,10.78,0.63
0.9,0.6,0.7,1.0,0.7,0.2,0.7,37.08,18.37,10.78,0.64
0.9,0.6,0.7,1.0,0.6,0.3,0.7,38.519999999999996,18.5,10.79,0.63
0.9,0.6,0.7,1.0,0.6,0.1,0.7,37.8,17.2,10.88,0.69
0.9,0.6,0.7,1.0,0.6,0.2,0.6,38.879999999999995,18.12,10.76,0.66
0.9,0.6,0.6,1.0,0.6,0.3,0.7,45.0,22.14,11.1,0.58
0.9,0.6,0.8,1.0,0.6,0.3,0.7,34.56,17.33,10.76,0.68
0.9,0.6,0.7,0.9,0.6,0.3,0.7,34.56,17.97,10.85,0.65
1.0,0.6,0.7,1.0,0.6,0.3,0.7,38.519999999999996,18.5,10.79,0.63
0.8,0.6,0.7,1.0,0.6,0.3,0.7,37.08,18.66,10.78,0.63
0.9,0.5,0.7,1.0,0.6,0.3,0.7,38.519999999999996,18.5,10.79,0.63
0.9,0.6,0.7,1.0,0.5,0.3,0.7,38.519999999999996,18.5,10.79,0.63
0.9,0.6,0.7,1.0,0.7,0.3,0.7,37.08,18.44,10.84,0.64
0.9,0.6,0.7,1.0,0.6,0.4,0.7,38.519999999999996,18.5,10.79,0.63
0.9,0.6,0.7,1.0,0.6,0.3,0.6,40.32,17.64,10.68,0.67
0.9,0.6,0.6,1.0,0.6,0.4,0.7,45.0,22.19,11.03,0.58
0.9,0.6,0.8,1.0,0.6,0.4,0.7,34.56,17.32,10.75,0.67
0.9,0.6,0.7,0.9,0.6,0.4,0.7,34.56,17.97,10.85,0.65
1.0,0.6,0.7,1.0,0.6,0.4,0.7,38.519999999999996,18.5,10.79,0.63
0.8,0.6,0.7,1.0,0.6,0.4,0.7,38.519999999999996,18.5,10.79,0.63
0.9,0.5,0.7,1.0,0.6,0.4,0.7,42.839999999999996,18.85,10.71,0.63
0.9,0.7,0.7,1.0,0.6,0.4,0.7,38.519999999999996,18.5,10.79,0.63
0.9,0.6,0.7,1.0,0.5,0.4,0.7,38.519999999999996,18.5,10.79,0.63
0.9,0.6,0.7,1.0,0.7,0.4,0.7,38.519999999999996,18.5,10.79,0.63
0.9,0.6,0.7,1.0,0.6,0.5,0.7,38.16,18.91,10.85,0.62
0.9,0.6,0.7,1.0,0.6,0.4,0.6,37.08,17.94,10.75,0.66
0.9,0.6,0.6,1.0,0.7,0.4,0.7,45.0,22.2,11.04,0.58
0.9,0.6,0.8,1.0,0.7,0.4,0.7,34.56,17.32,10.75,0.67
0.9,0.6,0.7,0.9,0.7,0.4,0.7,35.28,18.07,10.86,0.65
1.0,0.6,0.7,1.0,0.7,0.4,0.7,38.519999999999996,18.5,10.79,0.63
0.8,0.6,0.7,1.0,0.7,0.4,0.7,38.519999999999996,18.5,10.79,0.63
0.9,0.5,0.7,1.0,0.7,0.4,0.7,38.16,18.91,10.85,0.62
0.9,0.7,0.7,1.0,0.7,0.4,0.7,37.08,18.33,10.68,0.63
0.9,0.6,0.7,1.0,0.8,0.4,0.7,37.08,18.44,10.84,0.64
0.9,0.6,0.7,1.0,0.7,0.5,0.7,38.16,18.91,10.85,0.62
0.9,0.6,0.7,1.0,0.7,0.4,0.6,36.72,17.79,10.76,0.66
0.8,0.6,0.6,1.0,0.7,0.4,0.7,45.0,22.2,11.04,0.58
0.8,0.6,0.8,1.0,0.7,0.4,0.7,34.56,17.32,10.75,0.67
0.8,0.6,0.7,0.9,0.7,0.4,0.7,35.28,18.07,10.86,0.65
0.7,0.6,0.7,1.0,0.7,0.4,0.7,37.08,18.66,10.78,0.63
0.8,0.5,0.7,1.0,0.7,0.4,0.7,38.519999999999996,18.5,10.79,0.63
0.8,0.7,0.7,1.0,0.7,0.4,0.7,37.08,18.66,10.78,0.63
0.8,0.6,0.7,1.0,0.8,0.4,0.7,37.08,18.44,10.84,0.64
0.8,0.6,0.7,1.0,0.7,0.3,0.7,40.32,19.16,10.91,0.62
0.8,0.6,0.7,1.0,0.7,0.5,0.7,38.519999999999996,18.5,10.79,0.63
0.8,0.6,0.7,1.0,0.7,0.4,0.6,36.36,17.51,10.75,0.66
0.8,0.6,0.6,1.0,0.7,0.5,0.7,45.0,22.2,11.04,0.58
0.8,0.6,0.8,1.0,0.7,0.5,0.7,34.56,17.32,10.75,0.67
0.8,0.6,0.7,0.9,0.7,0.5,0.7,35.28,18.07,10.86,0.65
0.7,0.6,0.7,1.0,0.7,0.5,0.7,38.519999999999996,18.5,10.79,0.63
0.8,0.5,0.7,1.0,0.7,0.5,0.7,38.16,18.91,10.85,0.62
0.8,0.7,0.7,1.0,0.7,0.5,0.7,38.519999999999996,18.5,10.79,0.63
0.8,0.6,0.7,1.0,0.6,0.5,0.7,38.519999999999996,18.5,10.79,0.63
0.8,0.6,0.7,1.0,0.8,0.5,0.7,38.519999999999996,18.5,10.79,0.63
0.8,0.6,0.7,1.0,0.7,0.6,0.7,41.04,19.25,10.95,0.64
0.8,0.6,0.7,1.0,0.7,0.5,0.6,36.72,17.72,10.79,0.66
0.8,0.6,0.6,1.0,0.8,0.5,0.7,45.0,22.2,11.04,0.58
0.8,0.6,0.8,1.0,0.8,0.5,0.7,34.56,17.32,10.75,0.67
0.8,0.6,0.7,0.9,0.8,0.5,0.7,35.28,18.07,10.86,0.65
0.7,0.6,0.7,1.0,0.8,0.5,0.7,38.519999999999996,18.5,10.79,0.63
0.9,0.6,0.7,1.0,0.8,0.5,0.7,38.519999999999996,18.5,10.79,0.63
0.8,0.5,0.7,1.0,0.8,0.5,0.7,38.519999999999996,18.5,10.79,0.63
0.8,0.7,0.7,1.0,0.8,0.5,0.7,36.36,18.37,10.68,0.63
0.8,0.6,0.7,1.0,0.9,0.5,0.7,37.08,18.41,10.85,0.64
0.8,0.6,0.7,1.0,0.8,0.6,0.7,38.519999999999996,18.5,10.79,0.63
0.8,0.6,0.7,1.0,0.8,0.5,0.6,35.28,17.65,10.76,0.67
0.8,0.6,0.6,1.0,0.8,0.6,0.7,45.0,22.2,11.04,0.58
0.8,0.6,0.8,1.0,0.8,0.6,0.7,34.56,17.32,10.75,0.67
0.8,0.6,0.7,0.9,0.8,0.6,0.7,35.28,18.07,10.86,0.65
0.7,0.6,0.7,1.0,0.8,0.6,0.7,36.0,18.49,10.65,0.62
0.9,0.6,0.7,1.0,0.8,0.6,0.7,42.839999999999996,18.85,10.71,0.63
0.8,0.5,0.7,1.0,0.8,0.6,0.7,42.839999999999996,18.85,10.71,0.63
0.8,0.7,0.7,1.0,0.8,0.6,0.7,38.519999999999996,18.5,10.79,0.63
0.8,0.6,0.7,1.0,0.9,0.6,0.7,38.519999999999996,18.5,10.79,0.63
0.8,0.6,0.7,1.0,0.8,0.7,0.7,36.36,17.71,10.64,0.67
0.8,0.6,0.7,1.0,0.8,0.6,0.6,37.08,17.45,10.69,0.67
0.8,0.7,0.6,1.0,0.8,0.6,0.7,45.0,22.2,11.04,0.58
0.8,0.7,0.8,1.0,0.8,0.6,0.7,34.56,17.32,10.75,0.67
0.8,0.7,0.7,0.9,0.8,0.6,0.7,34.199999999999996,18.01,10.74,0.64
0.7,0.7,0.7,1.0,0.8,0.6,0.7,38.519999999999996,18.5,10.79,0.63
0.9,0.7,0.7,1.0,0.8,0.6,0.7,38.519999999999996,18.5,10.79,0.63
0.8,0.8,0.7,1.0,0.8,0.6,0.7,38.519999999999996,18.5,10.79,0.63
0.8,0.7,0.7,1.0,0.7,0.6,0.7,41.04,19.25,10.95,0.64
0.8,0.7,0.7,1.0,0.9,0.6,0.7,36.36,18.37,10.68,0.63
0.8,0.7,0.7,1.0,0.8,0.7,0.7,41.4,18.55,10.88,0.65
0.8,0.7,0.7,1.0,0.8,0.6,0.6,37.44,17.08,10.72,0.68
0.8,0.7,0.6,1.0,0.8,0.7,0.7,40.32,20.47,10.7,0.6
0.8,0.7,0.8,1.0,0.8,0.7,0.7,33.48,15.07,10.35,0.73
0.8,0.7,0.7,0.9,0.8,0.7,0.7,33.48,17.13,10.73,0.67
0.7,0.7,0.7,1.0,0.8,0.7,0.7,37.08,18.29,10.78,0.65
0.9,0.7,0.7,1.0,0.8,0.7,0.7,36.36,17.71,10.64,0.67
0.8,0.8,0.7,1.0,0.8,0.7,0.7,36.72,18.32,10.91,0.66
0.8,0.7,0.7,1.0,0.7,0.7,0.7,38.16,18.64,10.59,0.65
0.8,0.7,0.7,1.0,0.9,0.7,0.7,38.519999999999996,18.5,10.79,0.63
0.8,0.7,0.7,1.0,0.8,0.8,0.7,35.28,16.17,10.5,0.71
0.8,0.7,0.7,1.0,0.8,0.7,0.6,34.199999999999996,17.34,10.81,0.68
0.8,0.7,0.6,1.0,0.8,0.8,0.7,43.559999999999995,19.54,10.63,0.61
0.8,0.7,0.8,1.0,0.8,0.8,0.7,33.839999999999996,16.96,10.76,0.68
0.8,0.7,0.7,0.9,0.8,0.8,0.7,34.199999999999996,17.47,10.62,0.65
0.7,0.7,0.7,1.0,0.8,0.8,0.7,35.28,16.17,10.5,0.71
0.9,0.7,0.7,1.0,0.8,0.8,0.7,35.64,16.2,10.47,0.71
0.8,0.6,0.7,1.0,0.8,0.8,0.7,35.64,16.2,10.47,0.71
0.8,0.8,0.7,1.0,0.8,0.8,0.7,35.28,16.17,10.5,0.71
0.8,0.7,0.7,1.0,0.7,0.8,0.7,34.199999999999996,16.03,10.42,0.72
0.8,0.7,0.7,1.0,0.9,0.8,0.7,37.08,18.29,10.78,0.65
0.8,0.7,0.7,1.0,0.8,0.9,0.7,34.92,16.24,10.33,0.7
0.8,0.7,0.7,1.0,0.8,0.8,0.6,33.839999999999996,16.52,10.73,0.7
0.8,0.7,0.6,1.0,0.7,0.8,0.7,39.6,19.59,10.74,0.61
0.8,0.7,0.8,1.0,0.7,0.8,0.7,32.76,16.6,10.8,0.69
0.8,0.7,0.7,0.9,0.7,0.8,0.7,32.76,17.01,10.45,0.66
0.7,0.7,0.7,1.0,0.7,0.8,0.7,33.48,16.11,10.42,0.71
0.9,0.7,0.7,1.0,0.7,0.8,0.7,34.92,16.24,10.33,0.7
0.8,0.6,0.7,1.0,0.7,0.8,0.7,34.92,16.24,10.33,0.7
0.8,0.8,0.7,1.0,0.7,0.8,0.7,33.48,16.11,10.42,0.71
0.8,0.7,0.7,1.0,0.6,0.8,0.7,33.839999999999996,16.82,10.42,0.69
0.8,0.7,0.7,1.0,0.7,0.9,0.7,33.839999999999996,16.82,10.42,0.69
0.8,0.7,0.7,1.0,0.7,0.8,0.6,36.0,17.88,11.18,0.68
0.8,0.7,0.6,1.0,0.7,0.9,0.7,39.24,18.75,10.68,0.65
0.8,0.7,0.8,1.0,0.7,0.9,0.7,41.04,15.95,10.36,0.7
0.8,0.7,0.7,0.9,0.7,0.9,0.7,32.76,16.27,10.49,0.68
0.7,0.7,0.7,1.0,0.7,0.9,0.7,36.36,16.95,10.43,0.68
0.9,0.7,0.7,1.0,0.7,0.9,0.7,34.56,16.27,10.35,0.7
0.8,0.6,0.7,1.0,0.7,0.9,0.7,34.56,16.27,10.35,0.7
0.8,0.8,0.7,1.0,0.7,0.9,0.7,36.36,16.95,10.43,0.68
0.8,0.7,0.7,1.0,0.6,0.9,0.7,46.8,17.16,10.42,0.68
0.8,0.7,0.7,1.0,0.7,1.0,0.7,35.28,16.42,10.38,0.69
0.8,0.7,0.7,1.0,0.7,0.9,0.6,33.48,15.25,10.85,0.77
0.8,0.7,0.6,1.0,0.7,1.0,0.7,54.0,19.26,10.54,0.63
0.8,0.7,0.8,1.0,0.7,1.0,0.7,32.76,15.66,10.44,0.71
0.8,0.7,0.7,0.9,0.7,1.0,0.7,32.4,16.25,10.46,0.68
0.7,0.7,0.7,1.0,0.7,1.0,0.7,34.92,16.78,10.46,0.69
0.9,0.7,0.7,1.0,0.7,1.0,0.7,47.879999999999995,17.47,10.43,0.68
0.8,0.6,0.7,1.0,0.7,1.0,0.7,47.879999999999995,17.4,10.42,0.68
0.8,0.8,0.7,1.0,0.7,1.0,0.7,34.92,16.78,10.46,0.69
0.8,0.7,0.7,1.0,0.6,1.0,0.7,34.56,16.55,10.46,0.7
0.8,0.7,0.7,1.0,0.8,1.0,0.7,33.839999999999996,16.82,10.42,0.69
0.8,0.7,0.7,1.0,0.7,1.0,0.6,34.56,15.8,10.79,0.75
0.8,0.7,0.6,1.0,0.8,1.0,0.7,39.24,18.75,10.68,0.65
0.8,0.7,0.8,1.0,0.8,1.0,0.7,41.04,15.95,10.36,0.7
0.8,0.7,0.7,0.9,0.8,1.0,0.7,32.76,16.27,10.49,0.68
0.7,0.7,0.7,1.0,0.8,1.0,0.7,34.199999999999996,16.71,10.36,0.68
0.9,0.7,0.7,1.0,0.8,1.0,0.7,34.56,16.27,10.35,0.7
0.8,0.6,0.7,1.0,0.8,1.0,0.7,34.56,16.27,10.35,0.7
0.8,0.8,0.7,1.0,0.8,1.0,0.7,34.199999999999996,16.71,10.36,0.68
0.8,0.7,0.7,1.0,0.9,1.0,0.7,34.92,16.24,10.33,0.7
0.8,0.7,0.7,1.0,0.8,1.0,0.6,33.839999999999996,14.95,10.74,0.78
0.8,0.8,0.6,1.0,0.8,1.0,0.7,37.8,18.42,10.58,0.65
0.8,0.8,0.8,1.0,0.8,1.0,0.7,41.04,15.93,10.35,0.7
0.8,0.8,0.7,0.9,0.8,1.0,0.7,31.32,16.17,10.47,0.68
0.7,0.8,0.7,1.0,0.8,1.0,0.7,34.199999999999996,16.39,10.34,0.7
0.9,0.8,0.7,1.0,0.8,1.0,0.7,33.839999999999996,16.82,10.42,0.69
0.8,0.9,0.7,1.0,0.8,1.0,0.7,34.199999999999996,16.39,10.34,0.7
0.8,0.8,0.7,1.0,0.9,1.0,0.7,34.199999999999996,16.03,10.42,0.72
0.8,0.8,0.7,1.0,0.8,0.9,0.7,33.48,16.11,10.42,0.71
0.8,0.8,0.7,1.0,0.8,1.0,0.6,33.48,15.06,10.67,0.77
0.8,0.9,0.6,1.0,0.8,1.0,0.7,38.16,18.9,10.65,0.62
0.8,0.9,0.8,1.0,0.8,1.0,0.7,31.32,15.87,10.63,0.71
0.8,0.9,0.7,0.9,0.8,1.0,0.7,33.12,15.61,10.49,0.71
0.7,0.9,0.7,1.0,0.8,1.0,0.7,39.24,17.62,10.45,0.68
0.9,0.9,0.7,1.0,0.8,1.0,0.7,34.56,16.78,10.46,0.69
0.8,1.0,0.7,1.0,0.8,1.0,0.7,34.199999999999996,16.39,10.34,0.7
0.8,0.9,0.7,1.0,0.7,1.0,0.7,34.92,16.32,10.36,0.7
0.8,0.9,0.7,1.0,0.9,1.0,0.7,45.36,16.92,10.27,0.68
0.8,0.9,0.7,1.0,0.8,0.9,0.7,45.36,16.92,10.27,0.68
0.8,0.9,0.7,1.0,0.8,1.0,0.6,34.56,16.1,10.75,0.74
0.8,0.9,0.6,1.0,0.8,0.9,0.7,41.76,18.36,10.69,0.65
0.8,0.9,0.8,1.0,0.8,0.9,0.7,30.599999999999998,15.53,10.55,0.72
0.8,0.9,0.7,0.9,0.8,0.9,0.7,33.48,16.9,10.62,0.67
0.7,0.9,0.7,1.0,0.8,0.9,0.7,45.36,16.92,10.27,0.68
0.9,0.9,0.7,1.0,0.8,0.9,0.7,34.56,16.53,10.39,0.69
0.8,1.0,0.7,1.0,0.8,0.9,0.7,45.36,16.92,10.27,0.68
0.8,0.9,0.7,1.0,0.7,0.9,0.7,34.199999999999996,16.39,10.34,0.7
0.8,0.9,0.7,1.0,0.9,0.9,0.7,35.28,16.17,10.5,0.71
0.8,0.9,0.7,1.0,0.8,0.8,0.7,35.28,16.17,10.5,0.71
0.8,0.9,0.7,1.0,0.8,0.9,0.6,34.199999999999996,15.11,10.75,0.77
0.8,1.0,0.6,1.0,0.8,0.9,0.7,39.6,18.26,10.69,0.65
0.8,1.0,0.8,1.0,0.8,0.9,0.7,34.92,15.82,10.59,0.71
0.8,1.0,0.7,0.9,0.8,0.9,0.7,33.12,16.49,10.56,0.68
0.7,1.0,0.7,1.0,0.8,0.9,0.7,39.24,17.62,10.45,0.68
0.9,1.0,0.7,1.0,0.8,0.9,0.7,45.36,16.92,10.27,0.68
0.8,1.0,0.7,1.0,0.7,0.9,0.7,39.24,17.62,10.45,0.68
0.8,1.0,0.7,1.0,0.9,0.9,0.7,35.28,16.17,10.5,0.71
0.8,1.0,0.7,1.0,0.8,0.8,0.7,35.28,16.17,10.5,0.71
0.8,1.0,0.7,1.0,0.8,0.9,0.6,35.28,15.48,10.6,0.75
0.9,1.0,0.6,1.0,0.8,0.9,0.7,41.76,18.36,10.69,0.65
0.9,1.0,0.8,1.0,0.8,0.9,0.7,30.599999999999998,15.53,10.55,0.72
0.9,1.0,0.7,0.9,0.8,0.9,0.7,33.48,16.9,10.62,0.67
1.0,1.0,0.7,1.0,0.8,0.9,0.7,35.28,16.93,10.33,0.68
0.9,1.0,0.7,1.0,0.7,0.9,0.7,34.199999999999996,16.39,10.34,0.7
0.9,1.0,0.7,1.0,0.9,0.9,0.7,35.28,16.17,10.5,0.71
0.9,1.0,0.7,1.0,0.8,1.0,0.7,34.199999999999996,16.39,10.34,0.7
0.9,1.0,0.7,1.0,0.8,0.8,0.7,35.28,16.17,10.5,0.71
0.9,1.0,0.7,1.0,0.8,0.9,0.6,36.72,15.38,10.55,0.75
1.0,1.0,0.6,1.0,0.8,0.9,0.7,37.44,17.87,10.6,0.66
1.0,1.0,0.8,1.0,0.8,0.9,0.7,32.4,15.72,10.51,0.71
1.0,1.0,0.7,0.9,0.8,0.9,0.7,40.68,16.87,10.51,0.67
1.0,0.9,0.7,1.0,0.8,0.9,0.7,34.92,16.24,10.33,0.7
1.0,1.0,0.7,1.0,0.7,0.9,0.7,33.839999999999996,16.73,10.3,0.68
1.0,1.0,0.7,1.0,0.9,0.9,0.7,35.28,16.17,10.5,0.71
1.0,1.0,0.7,1.0,0.8,1.0,0.7,34.92,16.78,10.46,0.69
1.0,1.0,0.7,1.0,0.8,0.8,0.7,35.28,16.17,10.5,0.71
1.0,1.0,0.7,1.0,0.8,0.9,0.6,36.72,15.31,10.49,0.75
1.0,1.0,0.6,1.0,0.7,0.9,0.7,36.72,18.08,10.53,0.66
1.0,1.0,0.8,1.0,0.7,0.9,0.7,31.68,15.37,10.48,0.72
1.0,1.0,0.7,0.9,0.7,0.9,0.7,31.68,16.15,10.51,0.68
1.0,0.9,0.7,1.0,0.7,0.9,0.7,33.839999999999996,16.82,10.42,0.69
1.0,1.0,0.7,1.0,0.6,0.9,0.7,33.48,16.09,10.44,0.71
1.0,1.0,0.7,1.0,0.7,1.0,0.7,37.8,16.32,10.45,0.72
1.0,1.0,0.7,1.0,0.7,0.8,0.7,37.44,16.75,10.52,0.69
1.0,1.0,0.7,1.0,0.7,0.9,0.6,36.0,15.65,10.76,0.76
1.0,0.9,0.6,1.0,0.7,0.9,0.7,41.04,18.59,10.62,0.65
1.0,0.9,0.8,1.0,0.7,0.9,0.7,41.04,16.07,10.38,0.7
1.0,0.9,0.7,0.9,0.7,0.9,0.7,32.76,16.27,10.49,0.68
0.9,0.9,0.7,1.0,0.7,0.9,0.7,33.839999999999996,16.73,10.3,0.68
1.0,0.8,0.7,1.0,0.7,0.9,0.7,38.519999999999996,16.87,10.46,0.69
1.0,0.9,0.7,1.0,0.6,0.9,0.7,33.839999999999996,16.06,10.46,0.71
1.0,0.9,0.7,1.0,0.7,1.0,0.7,35.28,16.42,10.38,0.69
1.0,0.9,0.7,1.0,0.7,0.8,0.7,33.839999999999996,15.94,10.44,0.72
1.0,0.9,0.7,1.0,0.7,0.9,0.6,36.72,15.72,10.76,0.75
0.9,0.9,0.6,1.0,0.7,0.9,0.7,36.72,18.08,10.53,0.66
0.9,0.9,0.8,1.0,0.7,0.9,0.7,41.04,16.07,10.38,0.7
0.9,0.9,0.7,0.9,0.7,0.9,0.7,31.68,16.15,10.51,0.68
0.9,0.8,0.7,1.0,0.7,0.9,0.7,33.839999999999996,16.82,10.42,0.69
0.9,0.9,0.7,1.0,0.6,0.9,0.7,34.56,16.11,10.44,0.71
0.9,0.9,0.7,1.0,0.7,1.0,0.7,37.8,16.32,10.45,0.72
0.9,0.9,0.7,1.0,0.7,0.8,0.7,36.36,16.4,10.42,0.7
0.9,0.9,0.7,1.0,0.7,0.9,0.6,36.0,15.65,10.76,0.76
0.9,0.9,0.6,1.0,0.6,0.9,0.7,53.28,18.88,10.62,0.64
0.9,0.9,0.8,1.0,0.6,0.9,0.7,39.24,15.87,10.49,0.7
0.9,0.9,0.7,0.9,0.6,0.9,0.7,32.04,16.09,10.48,0.69
0.8,0.9,0.7,1.0,0.6,0.9,0.7,34.199999999999996,16.15,10.4,0.7
0.9,1.0,0.7,1.0,0.6,0.9,0.7,34.199999999999996,16.15,10.4,0.7
0.9,0.8,0.7,1.0,0.6,0.9,0.7,33.839999999999996,16.06,10.46,0.71
0.9,0.9,0.7,1.0,0.5,0.9,0.7,37.44,17.39,10.51,0.68
0.9,0.9,0.7,1.0,0.6,1.0,0.7,34.92,16.54,10.39,0.69
0.9,0.9,0.7,1.0,0.6,0.8,0.7,35.28,17.32,10.48,0.67
0.9,0.9,0.7,1.0,0.6,0.9,0.6,35.28,15.88,10.79,0.76
0.9,0.9,0.6,1.0,0.6,1.0,0.7,38.16,17.09,10.38,0.66
0.9,0.9,0.8,1.0,0.6,1.0,0.7,30.24,15.73,10.54,0.71
0.9,0.9,0.7,0.9,0.6,1.0,0.7,33.48,16.39,10.55,0.69
1.0,0.9,0.7,1.0,0.6,1.0,0.7,34.92,16.64,10.41,0.69
0.8,0.9,0.7,1.0,0.6,1.0,0.7,40.32,15.95,10.45,0.73
0.9,1.0,0.7,1.0,0.6,1.0,0.7,40.32,15.95,10.45,0.73
0.9,0.8,0.7,1.0,0.6,1.0,0.7,34.56,16.55,10.46,0.7
0.9,0.9,0.7,1.0,0.5,1.0,0.7,46.08,17.43,10.76,0.71
0.9,0.9,0.7,1.0,0.6,1.0,0.6,36.0,15.55,10.91,0.75
1.0,0.9,0.6,1.0,0.6,1.0,0.7,35.28,16.76,10.42,0.68
1.0,0.9,0.8,1.0,0.6,1.0,0.7,32.04,15.55,10.55,0.72
1.0,0.9,0.7,0.9,0.6,1.0,0.7,32.4,16.19,10.45,0.69
1.0,1.0,0.7,1.0,0.6,1.0,0.7,34.92,16.54,10.39,0.69
1.0,0.8,0.7,1.0,0.6,1.0,0.7,34.56,16.55,10.46,0.7
1.0,0.9,0.7,1.0,0.5,1.0,0.7,33.839999999999996,15.99,10.61,0.74
1.0,0.9,0.7,1.0,0.6,1.0,0.6,35.64,15.75,10.59,0.75
1.0,1.0,0.6,1.0,0.6,1.0,0.7,38.16,17.09,10.38,0.66
1.0,1.0,0.8,1.0,0.6,1.0,0.7,30.24,15.73,10.54,0.71
1.0,1.0,0.7,0.9,0.6,1.0,0.7,33.12,16.34,10.55,0.7
1.0,1.0,0.7,1.0,0.5,1.0,0.7,37.08,17.0,10.79,0.72
1.0,1.0,0.7,1.0,0.6,1.0,0.6,36.72,15.57,10.88,0.75
1.0,1.0,0.5,1.0,0.6,1.0,0.7,41.04,19.2,10.61,0.64
1.0,1.0,0.6,0.9,0.6,1.0,0.7,36.0,16.54,10.46,0.69
0.9,1.0,0.6,1.0,0.6,1.0,0.7,39.24,17.28,10.43,0.69
1.0,1.0,0.6,1.0,0.5,1.0,0.7,38.16,17.05,10.61,0.69
1.0,1.0,0.6,1.0,0.7,1.0,0.7,36.72,18.15,10.77,0.66
1.0,1.0,0.6,1.0,0.6,0.9,0.7,53.28,18.89,10.61,0.63
1.0,1.0,0.6,1.0,0.6,1.0,0.6,38.519999999999996,17.53,11.12,0.7
1.0,1.0,0.5,1.0,0.6,0.9,0.7,42.48,19.36,10.64,0.64
1.0,1.0,0.6,0.9,0.6,0.9,0.7,36.0,16.59,10.39,0.67
0.9,1.0,0.6,1.0,0.6,0.9,0.7,40.32,17.37,10.56,0.67
1.0,0.9,0.6,1.0,0.6,0.9,0.7,37.08,18.56,10.66,0.63
1.0,1.0,0.6,1.0,0.5,0.9,0.7,37.44,16.82,10.43,0.68
1.0,1.0,0.6,1.0,0.6,0.8,0.7,37.44,17.87,10.6,0.66
1.0,1.0,0.6,1.0,0.6,0.9,0.6,55.44,17.71,10.79,0.69
1.0,1.0,0.5,0.9,0.6,0.9,0.7,38.16,18.51,10.54,0.65
1.0,1.0,0.7,0.9,0.6,0.9,0.7,33.48,16.35,10.53,0.69
1.0,1.0,0.6,0.8,0.6,0.9,0.7,31.68,15.15,10.41,0.73
0.9,1.0,0.6,0.9,0.6,0.9,0.7,34.199999999999996,15.88,10.37,0.69
1.0,0.9,0.6,0.9,0.6,0.9,0.7,35.28,16.25,10.39,0.69
1.0,1.0,0.6,0.9,0.5,0.9,0.7,35.28,15.89,10.73,0.72
1.0,1.0,0.6,0.9,0.7,0.9,0.7,47.16,18.22,10.36,0.64
1.0,1.0,0.6,0.9,0.6,0.8,0.7,45.72,18.1,10.51,0.64
1.0,1.0,0.6,0.9,0.6,0.9,0.6,36.0,16.44,10.82,0.73
1.0,1.0,0.5,0.9,0.7,0.9,0.7,38.519999999999996,18.99,10.56,0.63
1.0,1.0,0.6,0.8,0.7,0.9,0.7,32.04,15.7,10.37,0.7
0.9,1.0,0.6,0.9,0.7,0.9,0.7,35.64,16.18,10.48,0.7
1.0,0.9,0.6,0.9,0.7,0.9,0.7,34.56,16.93,10.41,0.68
1.0,1.0,0.6,0.9,0.8,0.9,0.7,45.72,18.01,10.48,0.64
1.0,1.0,0.6,0.9,0.7,1.0,0.7,34.92,15.98,10.36,0.69
1.0,1.0,0.6,0.9,0.7,0.8,0.7,34.199999999999996,16.63,10.4,0.67
1.0,1.0,0.6,0.9,0.7,0.9,0.6,35.64,16.49,10.98,0.73
1.0,1.0,0.5,0.9,0.7,1.0,0.7,54.36,18.62,10.41,0.65
1.0,1.0,0.7,0.9,0.7,1.0,0.7,34.199999999999996,16.54,10.56,0.69
1.0,1.0,0.6,0.8,0.7,1.0,0.7,34.92,15.92,10.45,0.7
0.9,1.0,0.6,0.9,0.7,1.0,0.7,33.839999999999996,15.85,10.5,0.71
1.0,0.9,0.6,0.9,0.7,1.0,0.7,35.64,16.69,10.47,0.67
1.0,1.0,0.6,0.9,0.8,1.0,0.7,42.48,16.63,10.4,0.68
1.0,1.0,0.6,0.9,0.7,1.0,0.6,37.8,16.74,10.98,0.73
1.0,1.0,0.4,0.9,0.7,1.0,0.7,45.0,21.57,10.51,0.57
1.0,1.0,0.5,1.0,0.7,1.0,0.7,41.4,19.74,10.63,0.62
1.0,1.0,0.5,0.8,0.7,1.0,0.7,35.64,17.09,10.48,0.67
0.9,1.0,0.5,0.9,0.7,1.0,0.7,42.48,18.32,10.41,0.66
1.0,0.9,0.5,0.9,0.7,1.0,0.7,41.4,18.41,10.47,0.64
1.0,1.0,0.5,0.9,0.6,1.0,0.7,41.04,18.19,10.61,0.66
1.0,1.0,0.5,0.9,0.8,1.0,0.7,43.92,18.89,10.44,0.63
1.0,1.0,0.5,0.9,0.7,1.0,0.6,54.72,18.84,10.7,0.66
1.0,1.0,0.4,0.9,0.8,1.0,0.7,41.4,21.05,10.59,0.59
1.0,1.0,0.5,1.0,0.8,1.0,0.7,40.32,19.38,10.48,0.63
1.0,1.0,0.5,0.8,0.8,1.0,0.7,36.36,17.09,10.37,0.66
0.9,1.0,0.5,0.9,0.8,1.0,0.7,42.48,18.57,10.41,0.64
1.0,0.9,0.5,0.9,0.8,1.0,0.7,37.44,18.92,10.58,0.63
1.0,1.0,0.5,0.9,0.9,1.0,0.7,41.76,19.14,10.64,0.63
