0.6,0.4,0.7,0.7,0.9,0.5,0.7,87.11999999999999,17.68,11.35,0.67
0.6,0.4,0.6,0.7,0.9,0.5,0.7,94.32,20.09,11.53,0.61
0.6,0.4,0.8,0.7,0.9,0.5,0.7,81.72,18.01,11.69,0.67
0.6,0.4,0.7,0.6,0.9,0.5,0.7,78.48,16.45,11.46,0.72
0.6,0.4,0.7,0.8,0.9,0.5,0.7,92.88,19.82,11.47,0.61
0.5,0.4,0.7,0.7,0.9,0.5,0.7,90.36,17.99,11.6,0.68
0.7,0.4,0.7,0.7,0.9,0.5,0.7,87.11999999999999,17.25,11.21,0.68
0.6,0.3,0.7,0.7,0.9,0.5,0.7,88.2,17.85,11.4,0.67
0.6,0.5,0.7,0.7,0.9,0.5,0.7,88.92,18.05,11.62,0.68
0.6,0.4,0.7,0.7,1.0,0.5,0.7,89.28,17.96,11.55,0.68
0.6,0.4,0.7,0.7,0.8,0.5,0.7,87.84,17.98,11.45,0.67
0.6,0.4,0.7,0.7,0.9,0.6,0.7,86.39999999999999,16.98,11.17,0.69
0.6,0.4,0.7,0.7,0.9,0.4,0.7,87.47999999999999,18.38,11.67,0.66
0.6,0.4,0.7,0.7,0.9,0.5,0.6,83.88,17.28,11.48,0.69
0.6,0.4,0.6,0.6,0.9,0.5,0.7,83.52,18.23,11.58,0.66
0.6,0.4,0.8,0.6,0.9,0.5,0.7,73.8,16.12,11.56,0.73
0.6,0.4,0.7,0.5,0.9,0.5,0.7,72.72,15.53,11.68,0.77
0.5,0.4,0.7,0.6,0.9,0.5,0.7,79.2,17.13,11.78,0.71
0.7,0.4,0.7,0.6,0.9,0.5,0.7,78.48,16.21,11.4,0.73
0.6,0.3,0.7,0.6,0.9,0.5,0.7,79.2,17.08,11.69,0.71
0.6,0.5,0.7,0.6,0.9,0.5,0.7,78.48,17.05,11.78,0.71
0.6,0.4,0.7,0.6,1.0,0.5,0.7,78.84,17.96,12.12,0.7
0.6,0.4,0.7,0.6,0.8,0.5,0.7,78.84,16.3,11.43,0.73
0.6,0.4,0.7,0.6,0.9,0.6,0.7,78.11999999999999,16.05,11.26,0.73
0.6,0.4,0.7,0.6,0.9,0.4,0.7,79.92,17.09,11.76,0.71
0.6,0.4,0.7,0.6,0.9,0.5,0.6,77.75999999999999,15.97,11.62,0.74
0.6,0.4,0.6,0.5,0.9,0.5,0.7,75.96,17.3,11.95,0.7
0.6,0.4,0.8,0.5,0.9,0.5,0.7,69.48,14.34,11.48,0.81
0.6,0.4,0.7,0.4,0.9,0.5,0.7,66.96,13.37,11.49,0.87
0.5,0.4,0.7,0.5,0.9,0.5,0.7,73.08,15.2,11.61,0.78
0.7,0.4,0.7,0.5,0.9,0.5,0.7,73.44,15.48,11.74,0.77
0.6,0.3,0.7,0.5,0.9,0.5,0.7,72.72,15.18,11.53,0.77
0.6,0.5,0.7,0.5,0.9,0.5,0.7,72.36,15.09,11.56,0.78
0.6,0.4,0.7,0.5,1.0,0.5,0.7,72.0,15.18,11.58,0.78
0.6,0.4,0.7,0.5,0.8,0.5,0.7,71.64,15.06,11.55,0.78
0.6,0.4,0.7,0.5,0.9,0.6,0.7,71.28,15.28,11.65,0.78
0.6,0.4,0.7,0.5,0.9,0.4,0.7,72.36,15.27,11.75,0.78
0.6,0.4,0.7,0.5,0.9,0.5,0.6,73.08,15.04,11.76,0.79
0.6,0.4,0.6,0.4,0.9,0.5,0.7,71.28,14.73,11.63,0.8
0.6,0.4,0.8,0.4,0.9,0.5,0.7,65.16,14.54,12.28,0.85
0.6,0.4,0.7,0.3,0.9,0.5,0.7,63.0,13.15,12.09,0.93
0.5,0.4,0.7,0.4,0.9,0.5,0.7,68.03999999999999,13.22,11.46,0.88
0.7,0.4,0.7,0.4,0.9,0.5,0.7,69.12,13.35,11.51,0.87
0.6,0.3,0.7,0.4,0.9,0.5,0.7,67.67999999999999,13.81,11.73,0.86
0.6,0.5,0.7,0.4,0.9,0.5,0.7,68.39999999999999,13.47,11.62,0.87
0.6,0.4,0.7,0.4,1.0,0.5,0.7,67.32,13.93,11.86,0.86
0.6,0.4,0.7,0.4,0.8,0.5,0.7,67.32,13.26,11.42,0.87
0.6,0.4,0.7,0.4,0.9,0.6,0.7,68.39999999999999,13.4,11.52,0.87
0.6,0.4,0.7,0.4,0.9,0.4,0.7,67.67999999999999,13.63,11.73,0.87
0.6,0.4,0.7,0.4,0.9,0.5,0.6,69.12,12.83,11.42,0.89
0.6,0.4,0.6,0.3,0.9,0.5,0.7,65.88,13.84,12.08,0.87
0.6,0.4,0.8,0.3,0.9,0.5,0.7,60.839999999999996,11.34,11.29,0.99
0.6,0.4,0.7,0.2,0.9,0.5,0.7,60.12,10.18,10.99,1.07
0.5,0.4,0.7,0.3,0.9,0.5,0.7,63.0,12.11,11.49,0.94
0.7,0.4,0.7,0.3,0.9,0.5,0.7,63.0,12.13,11.5,0.94
0.6,0.3,0.7,0.3,0.9,0.5,0.7,61.919999999999995,12.22,11.47,0.94
0.6,0.5,0.7,0.3,0.9,0.5,0.7,63.0,12.46,11.7,0.94
0.6,0.4,0.7,0.3,1.0,0.5,0.7,63.0,12.28,11.58,0.94
0.6,0.4,0.7,0.3,0.8,0.5,0.7,63.36,12.47,11.66,0.93
0.6,0.4,0.7,0.3,0.9,0.6,0.7,62.28,12.08,11.41,0.94
0.6,0.4,0.7,0.3,0.9,0.4,0.7,63.0,12.15,11.56,0.94
0.6,0.4,0.7,0.3,0.9,0.5,0.6,63.72,12.69,12.01,0.94
0.6,0.4,0.6,0.2,0.9,0.5,0.7,59.76,11.15,11.44,1.02
0.6,0.4,0.8,0.2,0.9,0.5,0.7,59.04,10.06,11.07,1.09
0.6,0.4,0.7,0.1,0.9,0.5,0.7,56.16,8.87,10.67,1.18
0.5,0.4,0.7,0.2,0.9,0.5,0.7,59.04,10.37,11.18,1.07
0.7,0.4,0.7,0.2,0.9,0.5,0.7,59.76,10.45,11.16,1.07
0.6,0.3,0.7,0.2,0.9,0.5,0.7,58.32,10.24,11.03,1.07
0.6,0.5,0.7,0.2,0.9,0.5,0.7,59.4,10.42,11.21,1.07
0.6,0.4,0.7,0.2,1.0,0.5,0.7,60.839999999999996,10.27,11.14,1.07
0.6,0.4,0.7,0.2,0.8,0.5,0.7,59.4,10.09,10.88,1.07
0.6,0.4,0.7,0.2,0.9,0.6,0.7,60.12,10.01,10.8,1.07
0.6,0.4,0.7,0.2,0.9,0.4,0.7,59.76,10.39,11.19,1.07
0.6,0.4,0.7,0.2,0.9,0.5,0.6,60.839999999999996,10.89,11.69,1.06
0.6,0.4,0.6,0.1,0.9,0.5,0.7,57.599999999999994,8.89,10.62,1.17
0.6,0.4,0.8,0.1,0.9,0.5,0.7,57.239999999999995,8.76,10.69,1.2
0.5,0.4,0.7,0.1,0.9,0.5,0.7,57.239999999999995,8.69,10.56,1.19
0.7,0.4,0.7,0.1,0.9,0.5,0.7,57.239999999999995,8.66,10.48,1.19
0.6,0.3,0.7,0.1,0.9,0.5,0.7,57.96,8.55,10.44,1.19
0.6,0.5,0.7,0.1,0.9,0.5,0.7,57.239999999999995,8.69,10.56,1.19
0.6,0.4,0.7,0.1,1.0,0.5,0.7,57.239999999999995,8.88,10.74,1.19
0.6,0.4,0.7,0.1,0.8,0.5,0.7,56.519999999999996,8.71,10.55,1.19
0.6,0.4,0.7,0.1,0.9,0.6,0.7,57.599999999999994,8.61,10.44,1.19
0.6,0.4,0.7,0.1,0.9,0.4,0.7,57.599999999999994,8.7,10.55,1.18
0.6,0.4,0.7,0.1,0.9,0.5,0.6,58.32,8.71,10.64,1.19
0.6,0.4,0.6,0.1,0.9,0.6,0.7,57.599999999999994,8.83,10.55,1.17
0.6,0.4,0.8,0.1,0.9,0.6,0.7,57.96,8.88,10.78,1.19
0.5,0.4,0.7,0.1,0.9,0.6,0.7,56.519999999999996,8.44,10.32,1.19
0.7,0.4,0.7,0.1,0.9,0.6,0.7,57.599999999999994,8.4,10.23,1.19
0.6,0.3,0.7,0.1,0.9,0.6,0.7,57.599999999999994,8.4,10.23,1.19
0.6,0.5,0.7,0.1,0.9,0.6,0.7,56.519999999999996,8.44,10.32,1.19
0.6,0.4,0.7,0.1,1.0,0.6,0.7,57.239999999999995,8.66,10.48,1.19
0.6,0.4,0.7,0.1,0.8,0.6,0.7,56.879999999999995,8.7,10.53,1.19
0.6,0.4,0.7,0.1,0.9,0.7,0.7,57.239999999999995,8.82,10.62,1.18
0.6,0.4,0.7,0.1,0.9,0.6,0.6,57.96,8.8,10.74,1.19
0.6,0.4,0.6,0.1,0.9,0.7,0.7,56.879999999999995,8.96,10.62,1.17
0.6,0.4,0.8,0.1,0.9,0.7,0.7,57.599999999999994,8.59,10.48,1.2
0.6,0.4,0.7,0.2,0.9,0.7,0.7,59.4,10.39,11.12,1.07
0.5,0.4,0.7,0.1,0.9,0.7,0.7,57.96,8.49,10.33,1.19
0.7,0.4,0.7,0.1,0.9,0.7,0.7,57.599999999999994,8.4,10.23,1.19
0.6,0.3,0.7,0.1,0.9,0.7,0.7,57.599999999999994,8.4,10.23,1.19
0.6,0.5,0.7,0.1,0.9,0.7,0.7,57.96,8.49,10.33,1.19
0.6,0.4,0.7,0.1,1.0,0.7,0.7,56.519999999999996,8.65,10.45,1.19
0.6,0.4,0.7,0.1,0.8,0.7,0.7,57.239999999999995,8.72,10.55,1.19
0.6,0.4,0.7,0.1,0.9,0.8,0.7,57.599999999999994,8.64,10.52,1.19
0.6,0.4,0.7,0.1,0.9,0.7,0.6,58.32,8.79,10.75,1.19
0.6,0.4,0.6,0.1,0.8,0.7,0.7,58.68,9.2,10.86,1.17
0.6,0.4,0.8,0.1,0.8,0.7,0.7,56.519999999999996,8.64,10.57,1.2
0.6,0.4,0.7,0.2,0.8,0.7,0.7,59.4,10.0,10.8,1.07
0.5,0.4,0.7,0.1,0.8,0.7,0.7,57.599999999999994,8.73,10.56,1.19
0.7,0.4,0.7,0.1,0.8,0.7,0.7,57.599999999999994,8.6,10.5,1.19
0.6,0.3,0.7,0.1,0.8,0.7,0.7,58.32,8.61,10.52,1.19
0.6,0.5,0.7,0.1,0.8,0.7,0.7,57.599999999999994,8.83,10.68,1.18
0.6,0.4,0.7,0.1,0.7,0.7,0.7,57.599999999999994,8.83,10.71,1.19
0.6,0.4,0.7,0.1,0.8,0.8,0.7,57.96,8.67,10.51,1.19
0.6,0.4,0.7,0.1,0.8,0.7,0.6,57.96,9.13,11.04,1.19
0.6,0.4,0.6,0.1,0.8,0.8,0.7,56.879999999999995,8.83,10.53,1.17
0.6,0.4,0.8,0.1,0.8,0.8,0.7,56.519999999999996,8.5,10.46,1.2
0.6,0.4,0.7,0.2,0.8,0.8,0.7,59.04,10.07,10.9,1.07
0.5,0.4,0.7,0.1,0.8,0.8,0.7,56.879999999999995,8.7,10.52,1.19
0.7,0.4,0.7,0.1,0.8,0.8,0.7,57.96,8.67,10.51,1.19
0.6,0.3,0.7,0.1,0.8,0.8,0.7,57.599999999999994,8.67,10.53,1.19
0.6,0.5,0.7,0.1,0.8,0.8,0.7,57.599999999999994,8.78,10.61,1.19
0.6,0.4,0.7,0.1,0.7,0.8,0.7,56.519999999999996,8.57,10.42,1.19
0.6,0.4,0.7,0.1,0.8,0.9,0.7,56.879999999999995,8.71,10.55,1.19
0.6,0.4,0.7,0.1,0.8,0.8,0.6,58.32,9.1,11.03,1.19
0.6,0.4,0.6,0.1,0.8,0.9,0.7,56.879999999999995,8.75,10.46,1.17
0.6,0.4,0.8,0.1,0.8,0.9,0.7,56.519999999999996,8.9,10.75,1.19
0.6,0.4,0.7,0.2,0.8,0.9,0.7,59.4,9.86,10.69,1.07
0.5,0.4,0.7,0.1,0.8,0.9,0.7,57.599999999999994,8.6,10.47,1.19
0.7,0.4,0.7,0.1,0.8,0.9,0.7,56.879999999999995,8.73,10.58,1.19
0.6,0.3,0.7,0.1,0.8,0.9,0.7,57.599999999999994,8.48,10.38,1.19
0.6,0.5,0.7,0.1,0.8,0.9,0.7,57.239999999999995,8.59,10.41,1.19
0.6,0.4,0.7,0.1,0.7,0.9,0.7,56.519999999999996,8.7,10.57,1.19
0.6,0.4,0.7,0.1,0.9,0.9,0.7,57.96,8.67,10.51,1.19
0.6,0.4,0.7,0.1,0.8,1.0,0.7,56.879999999999995,8.42,10.33,1.19
0.6,0.4,0.7,0.1,0.8,0.9,0.6,57.599999999999994,9.29,11.18,1.19
0.6,0.4,0.9,0.1,0.8,0.9,0.7,56.16,8.58,10.61,1.21
0.6,0.4,0.8,0.2,0.8,0.9,0.7,59.04,10.1,11.05,1.09
0.5,0.4,0.8,0.1,0.8,0.9,0.7,56.879999999999995,8.45,10.43,1.2
0.7,0.4,0.8,0.1,0.8,0.9,0.7,56.879999999999995,8.66,10.62,1.2
0.6,0.3,0.8,0.1,0.8,0.9,0.7,58.32,8.32,10.36,1.21
0.6,0.5,0.8,0.1,0.8,0.9,0.7,56.16,8.52,10.45,1.2
0.6,0.4,0.8,0.1,0.7,0.9,0.7,56.519999999999996,8.69,10.61,1.2
0.6,0.4,0.8,0.1,0.9,0.9,0.7,56.519999999999996,8.5,10.46,1.2
0.6,0.4,0.8,0.1,0.8,1.0,0.7,57.239999999999995,8.59,10.6,1.2
0.6,0.4,0.8,0.1,0.8,0.9,0.6,58.32,9.08,11.07,1.2
0.6,0.5,0.9,0.1,0.8,0.9,0.7,56.879999999999995,8.67,10.68,1.2
0.6,0.5,0.8,0.2,0.8,0.9,0.7,57.239999999999995,10.14,11.06,1.09
0.5,0.5,0.8,0.1,0.8,0.9,0.7,56.519999999999996,8.73,10.61,1.19
0.7,0.5,0.8,0.1,0.8,0.9,0.7,56.16,8.81,10.73,1.19
0.6,0.6,0.8,0.1,0.8,0.9,0.7,56.519999999999996,8.73,10.61,1.19
0.6,0.5,0.8,0.1,0.7,0.9,0.7,56.16,8.79,10.71,1.2
0.6,0.5,0.8,0.1,0.9,0.9,0.7,56.16,8.52,10.45,1.2
0.6,0.5,0.8,0.1,0.8,1.0,0.7,57.599999999999994,8.62,10.57,1.2
0.6,0.5,0.8,0.1,0.8,0.8,0.7,56.16,8.88,10.76,1.19
0.6,0.5,0.8,0.1,0.8,0.9,0.6,57.239999999999995,8.99,11.04,1.2
0.6,0.5,0.9,0.1,0.8,0.8,0.7,57.599999999999994,8.53,10.58,1.21
0.6,0.5,0.8,0.2,0.8,0.8,0.7,58.32,9.95,11.0,1.1
0.5,0.5,0.8,0.1,0.8,0.8,0.7,56.879999999999995,8.62,10.54,1.2
0.7,0.5,0.8,0.1,0.8,0.8,0.7,56.879999999999995,8.51,10.47,1.2
0.6,0.6,0.8,0.1,0.8,0.8,0.7,56.879999999999995,8.81,10.73,1.2
0.6,0.5,0.8,0.1,0.7,0.8,0.7,56.879999999999995,8.45,10.43,1.2
0.6,0.5,0.8,0.1,0.9,0.8,0.7,57.599999999999994,8.88,10.76,1.19
0.6,0.5,0.8,0.1,0.8,0.7,0.7,57.96,8.87,10.79,1.19
0.6,0.5,0.8,0.1,0.8,0.8,0.6,57.239999999999995,9.1,11.16,1.19
0.5,0.5,0.7,0.1,0.8,0.8,0.7,56.519999999999996,8.75,10.53,1.19
0.5,0.5,0.9,0.1,0.8,0.8,0.7,56.519999999999996,8.43,10.48,1.21
0.5,0.5,0.8,0.2,0.8,0.8,0.7,58.32,10.22,11.13,1.09
0.4,0.5,0.8,0.1,0.8,0.8,0.7,56.879999999999995,8.7,10.61,1.2
0.5,0.6,0.8,0.1,0.8,0.8,0.7,56.519999999999996,8.71,10.61,1.19
0.5,0.4,0.8,0.1,0.8,0.8,0.7,56.879999999999995,8.51,10.47,1.2
0.5,0.5,0.8,0.1,0.7,0.8,0.7,56.879999999999995,8.86,10.78,1.2
0.5,0.5,0.8,0.1,0.9,0.8,0.7,56.519999999999996,8.56,10.52,1.2
0.5,0.5,0.8,0.1,0.8,0.7,0.7,57.96,8.82,10.73,1.19
0.5,0.5,0.8,0.1,0.8,0.8,0.6,58.32,9.17,11.24,1.19
0.4,0.5,0.7,0.1,0.8,0.8,0.7,57.96,8.51,10.44,1.19
0.4,0.5,0.9,0.1,0.8,0.8,0.7,56.519999999999996,8.62,10.65,1.21
0.4,0.5,0.8,0.2,0.8,0.8,0.7,58.32,9.84,10.9,1.1
0.3,0.5,0.8,0.1,0.8,0.8,0.7,56.879999999999995,8.59,10.58,1.2
0.4,0.6,0.8,0.1,0.8,0.8,0.7,57.239999999999995,8.81,10.7,1.19
0.4,0.4,0.8,0.1,0.8,0.8,0.7,56.879999999999995,8.62,10.54,1.2
0.4,0.5,0.8,0.1,0.7,0.8,0.7,56.879999999999995,8.72,10.64,1.2
0.4,0.5,0.8,0.1,0.9,0.8,0.7,57.599999999999994,8.72,10.67,1.19
0.4,0.5,0.8,0.1,0.8,0.7,0.7,56.879999999999995,8.78,10.71,1.19
0.4,0.5,0.8,0.1,0.8,0.9,0.7,56.879999999999995,8.7,10.61,1.2
0.4,0.5,0.8,0.1,0.8,0.8,0.6,57.599999999999994,9.34,11.4,1.19
0.4,0.5,0.7,0.1,0.8,0.9,0.7,57.96,8.51,10.44,1.19
0.4,0.5,0.9,0.1,0.8,0.9,0.7,56.519999999999996,8.5,10.53,1.21
0.4,0.5,0.8,0.2,0.8,0.9,0.7,58.32,10.06,11.03,1.09
0.3,0.5,0.8,0.1,0.8,0.9,0.7,57.599999999999994,8.52,10.49,1.2
0.4,0.6,0.8,0.1,0.8,0.9,0.7,57.239999999999995,8.61,10.56,1.2
0.4,0.4,0.8,0.1,0.8,0.9,0.7,56.519999999999996,8.73,10.61,1.19
0.4,0.5,0.8,0.1,0.7,0.9,0.7,57.239999999999995,8.73,10.67,1.2
0.4,0.5,0.8,0.1,0.9,0.9,0.7,56.519999999999996,8.6,10.53,1.2
0.4,0.5,0.8,0.1,0.8,1.0,0.7,57.599999999999994,8.75,10.67,1.2
0.4,0.5,0.8,0.1,0.8,0.9,0.6,58.32,9.39,11.44,1.2
0.4,0.5,1.0,0.1,0.8,0.9,0.7,56.16,8.27,10.48,1.24
0.4,0.5,0.9,0.2,0.8,0.9,0.7,57.96,9.37,10.69,1.12
0.3,0.5,0.9,0.1,0.8,0.9,0.7,56.879999999999995,8.55,10.59,1.21
0.5,0.5,0.9,0.1,0.8,0.9,0.7,57.599999999999994,8.43,10.46,1.21
0.4,0.6,0.9,0.1,0.8,0.9,0.7,56.16,8.36,10.46,1.22
0.4,0.4,0.9,0.1,0.8,0.9,0.7,57.599999999999994,8.43,10.46,1.21
0.4,0.5,0.9,0.1,0.7,0.9,0.7,56.519999999999996,8.61,10.61,1.21
0.4,0.5,0.9,0.1,0.9,0.9,0.7,57.96,8.46,10.51,1.21
0.4,0.5,0.9,0.1,0.8,1.0,0.7,56.16,8.38,10.44,1.21
0.4,0.5,0.9,0.1,0.8,0.9,0.6,57.239999999999995,9.19,11.32,1.21
0.4,0.6,1.0,0.1,0.8,0.9,0.7,56.16,8.49,10.67,1.24
0.4,0.6,0.9,0.2,0.8,0.9,0.7,57.599999999999994,9.58,10.84,1.11
0.3,0.6,0.9,0.1,0.8,0.9,0.7,57.96,8.52,10.54,1.21
0.5,0.6,0.9,0.1,0.8,0.9,0.7,56.519999999999996,8.68,10.69,1.21
0.4,0.7,0.9,0.1,0.8,0.9,0.7,56.519999999999996,8.65,10.7,1.21
0.4,0.6,0.9,0.1,0.7,0.9,0.7,56.519999999999996,8.7,10.72,1.21
0.4,0.6,0.9,0.1,0.9,0.9,0.7,57.96,8.44,10.5,1.21
0.4,0.6,0.9,0.1,0.8,1.0,0.7,56.879999999999995,8.48,10.54,1.21
0.4,0.6,0.9,0.1,0.8,0.8,0.7,57.239999999999995,8.5,10.53,1.21
0.4,0.6,0.9,0.1,0.8,0.9,0.6,58.68,9.37,11.49,1.2
0.4,0.6,1.0,0.1,0.7,0.9,0.7,56.16,8.46,10.69,1.24
0.4,0.6,0.8,0.1,0.7,0.9,0.7,57.599999999999994,8.58,10.53,1.2
0.4,0.6,0.9,0.2,0.7,0.9,0.7,56.879999999999995,9.54,10.81,1.11
0.3,0.6,0.9,0.1,0.7,0.9,0.7,57.599999999999994,8.57,10.63,1.21
0.5,0.6,0.9,0.1,0.7,0.9,0.7,56.519999999999996,8.61,10.61,1.21
0.4,0.7,0.9,0.1,0.7,0.9,0.7,57.599999999999994,8.6,10.65,1.21
0.4,0.6,0.9,0.1,0.6,0.9,0.7,58.32,8.62,10.67,1.21
0.4,0.6,0.9,0.1,0.7,1.0,0.7,56.519999999999996,8.49,10.56,1.21
0.4,0.6,0.9,0.1,0.7,0.8,0.7,56.519999999999996,8.79,10.76,1.2
0.4,0.6,0.9,0.1,0.7,0.9,0.6,58.68,9.26,11.41,1.21
0.3,0.6,1.0,0.1,0.7,0.9,0.7,56.879999999999995,8.62,10.78,1.23
0.3,0.6,0.8,0.1,0.7,0.9,0.7,57.599999999999994,8.83,10.81,1.2
0.3,0.6,0.9,0.2,0.7,0.9,0.7,57.96,9.32,10.71,1.13
0.2,0.6,0.9,0.1,0.7,0.9,0.7,56.879999999999995,8.52,10.63,1.22
0.3,0.5,0.9,0.1,0.7,0.9,0.7,58.68,8.45,10.53,1.21
0.3,0.7,0.9,0.1,0.7,0.9,0.7,57.599999999999994,8.53,10.62,1.21
0.3,0.6,0.9,0.1,0.6,0.9,0.7,56.879999999999995,8.77,10.82,1.21
0.3,0.6,0.9,0.1,0.7,1.0,0.7,57.96,8.36,10.47,1.21
0.3,0.6,0.9,0.1,0.7,0.8,0.7,56.519999999999996,8.68,10.69,1.21
0.3,0.6,0.9,0.1,0.7,0.9,0.6,58.32,9.81,12.03,1.2
0.3,0.6,1.0,0.2,0.7,0.9,0.7,57.96,9.3,10.8,1.13
0.2,0.6,1.0,0.1,0.7,0.9,0.7,56.879999999999995,8.59,10.76,1.23
0.3,0.5,1.0,0.1,0.7,0.9,0.7,56.16,8.53,10.73,1.24
0.3,0.7,1.0,0.1,0.7,0.9,0.7,56.879999999999995,8.44,10.63,1.23
0.3,0.6,1.0,0.1,0.6,0.9,0.7,57.599999999999994,8.51,10.73,1.24
0.3,0.6,1.0,0.1,0.8,0.9,0.7,56.16,8.55,10.76,1.24
0.3,0.6,1.0,0.1,0.7,1.0,0.7,56.879999999999995,8.55,10.73,1.23
0.3,0.6,1.0,0.1,0.7,0.8,0.7,56.879999999999995,8.55,10.72,1.23
0.3,0.6,1.0,0.1,0.7,0.9,0.6,59.04,9.65,12.04,1.22
0.3,0.5,1.0,0.2,0.7,0.9,0.7,57.599999999999994,9.91,11.11,1.11
0.2,0.5,1.0,0.1,0.7,0.9,0.7,56.16,8.48,10.66,1.23
0.4,0.5,1.0,0.1,0.7,0.9,0.7,56.879999999999995,8.27,10.5,1.24
0.3,0.4,1.0,0.1,0.7,0.9,0.7,57.239999999999995,8.29,10.53,1.25
0.3,0.5,1.0,0.1,0.6,0.9,0.7,56.16,8.66,10.82,1.23
0.3,0.5,1.0,0.1,0.8,0.9,0.7,56.16,8.73,10.9,1.23
0.3,0.5,1.0,0.1,0.7,1.0,0.7,55.8,8.4,10.61,1.24
0.3,0.5,1.0,0.1,0.7,0.8,0.7,56.879999999999995,8.56,10.69,1.22
0.3,0.5,1.0,0.1,0.7,0.9,0.6,59.04,9.45,11.79,1.22
0.3,0.5,0.9,0.1,0.7,1.0,0.7,57.239999999999995,8.63,10.7,1.21
0.3,0.5,1.0,0.2,0.7,1.0,0.7,57.96,9.28,10.74,1.13
0.2,0.5,1.0,0.1,0.7,1.0,0.7,57.599999999999994,8.49,10.72,1.24
0.4,0.5,1.0,0.1,0.7,1.0,0.7,57.599999999999994,8.35,10.6,1.24
0.3,0.4,1.0,0.1,0.7,1.0,0.7,57.599999999999994,8.37,10.54,1.23
0.3,0.5,1.0,0.1,0.6,1.0,0.7,57.239999999999995,8.6,10.82,1.23
0.3,0.5,1.0,0.1,0.8,1.0,0.7,57.239999999999995,8.55,10.73,1.23
0.3,0.5,1.0,0.1,0.7,1.0,0.6,58.32,9.5,11.84,1.23
0.3,0.5,0.8,0.1,0.7,1.0,0.7,56.519999999999996,8.69,10.65,1.2
0.3,0.5,0.9,0.2,0.7,1.0,0.7,58.68,9.44,10.8,1.12
0.2,0.5,0.9,0.1,0.7,1.0,0.7,56.879999999999995,8.56,10.67,1.22
0.4,0.5,0.9,0.1,0.7,1.0,0.7,56.519999999999996,8.47,10.54,1.21
0.3,0.4,0.9,0.1,0.7,1.0,0.7,56.879999999999995,8.42,10.47,1.21
0.3,0.5,0.9,0.1,0.6,1.0,0.7,56.519999999999996,8.67,10.69,1.21
0.3,0.5,0.9,0.1,0.8,1.0,0.7,56.879999999999995,8.48,10.54,1.21
0.3,0.5,0.9,0.1,0.7,1.0,0.6,58.32,9.69,11.86,1.2
0.3,0.4,0.8,0.1,0.7,1.0,0.7,56.879999999999995,8.59,10.56,1.2
0.3,0.4,0.9,0.2,0.7,1.0,0.7,57.96,9.51,10.86,1.12
0.2,0.4,0.9,0.1,0.7,1.0,0.7,57.96,8.36,10.47,1.21
0.4,0.4,0.9,0.1,0.7,1.0,0.7,56.16,8.46,10.51,1.22
0.3,0.3,0.9,0.1,0.7,1.0,0.7,56.16,8.6,10.6,1.21
0.3,0.4,0.9,0.1,0.6,1.0,0.7,56.519999999999996,8.87,10.92,1.21
0.3,0.4,0.9,0.1,0.8,1.0,0.7,56.16,8.5,10.56,1.21
0.3,0.4,0.9,0.1,0.7,0.9,0.7,56.879999999999995,8.48,10.53,1.21
0.3,0.4,0.9,0.1,0.7,1.0,0.6,57.96,9.32,11.52,1.21
0.3,0.3,1.0,0.1,0.7,1.0,0.7,56.16,8.39,10.54,1.24
0.3,0.3,0.8,0.1,0.7,1.0,0.7,57.599999999999994,8.57,10.48,1.19
0.3,0.3,0.9,0.2,0.7,1.0,0.7,56.519999999999996,9.16,10.54,1.13
0.2,0.3,0.9,0.1,0.7,1.0,0.7,56.519999999999996,8.84,10.84,1.21
0.4,0.3,0.9,0.1,0.7,1.0,0.7,57.239999999999995,8.6,10.61,1.21
0.3,0.2,0.9,0.1,0.7,1.0,0.7,56.519999999999996,8.46,10.52,1.21
0.3,0.3,0.9,0.1,0.6,1.0,0.7,56.16,8.58,10.6,1.2
0.3,0.3,0.9,0.1,0.8,1.0,0.7,56.519999999999996,8.77,10.73,1.21
0.3,0.3,0.9,0.1,0.7,0.9,0.7,56.519999999999996,8.68,10.69,1.21
0.3,0.3,0.9,0.1,0.7,1.0,0.6,57.96,9.68,11.72,1.2
0.3,0.3,1.0,0.2,0.7,1.0,0.7,57.239999999999995,9.14,10.62,1.13
0.2,0.3,1.0,0.1,0.7,1.0,0.7,56.16,8.48,10.64,1.23
0.4,0.3,1.0,0.1,0.7,1.0,0.7,56.879999999999995,8.4,10.63,1.24
0.3,0.2,1.0,0.1,0.7,1.0,0.7,57.239999999999995,8.46,10.7,1.24
0.3,0.3,1.0,0.1,0.6,1.0,0.7,56.879999999999995,8.63,10.78,1.23
0.3,0.3,1.0,0.1,0.8,1.0,0.7,56.16,8.33,10.51,1.24
0.3,0.3,1.0,0.1,0.7,0.9,0.7,55.8,8.39,10.57,1.24
0.3,0.3,1.0,0.1,0.7,1.0,0.6,56.879999999999995,9.33,11.58,1.22
0.3,0.3,1.0,0.2,0.7,0.9,0.7,57.96,9.16,10.62,1.14
0.2,0.3,1.0,0.1,0.7,0.9,0.7,56.519999999999996,8.32,10.53,1.24
0.4,0.3,1.0,0.1,0.7,0.9,0.7,56.16,8.4,10.6,1.24
0.3,0.2,1.0,0.1,0.7,0.9,0.7,56.519999999999996,8.33,10.53,1.24
0.3,0.3,1.0,0.1,0.6,0.9,0.7,57.96,8.35,10.58,1.24
0.3,0.3,1.0,0.1,0.8,0.9,0.7,56.519999999999996,8.43,10.59,1.24
0.3,0.3,1.0,0.1,0.7,0.8,0.7,56.519999999999996,8.43,10.59,1.24
0.3,0.3,1.0,0.1,0.7,0.9,0.6,59.04,9.5,11.79,1.23
0.3,0.3,0.9,0.1,0.7,0.8,0.7,57.599999999999994,8.43,10.46,1.21
0.3,0.3,1.0,0.2,0.7,0.8,0.7,56.879999999999995,9.41,10.79,1.12
0.2,0.3,1.0,0.1,0.7,0.8,0.7,57.239999999999995,8.35,10.57,1.24
