0.4,0.7,0.6,0.2,0.5,0.2,0.4,27.0,11.31,12.53,1.09
0.4,0.7,0.5,0.2,0.5,0.2,0.4,25.56,11.46,12.23,1.05
0.4,0.7,0.7,0.2,0.5,0.2,0.4,26.279999999999998,10.51,12.12,1.13
0.4,0.7,0.6,0.3,0.5,0.2,0.4,29.52,12.77,12.96,0.99
0.4,0.7,0.6,0.1,0.5,0.2,0.4,25.2,10.2,12.58,1.2
0.3,0.7,0.6,0.2,0.5,0.2,0.4,27.36,11.72,12.99,1.09
0.5,0.7,0.6,0.2,0.5,0.2,0.4,25.56,11.22,12.4,1.08
0.4,0.6,0.6,0.2,0.5,0.2,0.4,25.919999999999998,10.98,12.25,1.1
0.4,0.8,0.6,0.2,0.5,0.2,0.4,27.0,11.54,12.6,1.07
0.4,0.7,0.6,0.2,0.6,0.2,0.4,27.36,11.17,12.38,1.09
0.4,0.7,0.6,0.2,0.4,0.2,0.4,27.0,11.76,13.2,1.1
0.4,0.7,0.6,0.2,0.5,0.3,0.4,27.72,11.79,13.16,1.1
0.4,0.7,0.6,0.2,0.5,0.1,0.4,25.56,11.03,12.35,1.1
0.4,0.7,0.6,0.2,0.5,0.2,0.3,30.24,12.12,13.72,1.12
0.4,0.7,0.6,0.2,0.5,0.2,0.5,23.4,10.43,11.58,1.07
0.4,0.7,0.5,0.1,0.5,0.2,0.4,25.2,10.46,12.53,1.17
0.4,0.7,0.7,0.1,0.5,0.2,0.4,25.56,9.92,12.3,1.21
0.3,0.7,0.6,0.1,0.5,0.2,0.4,25.919999999999998,10.49,12.92,1.2
0.5,0.7,0.6,0.1,0.5,0.2,0.4,24.48,9.95,12.29,1.2
0.4,0.6,0.6,0.1,0.5,0.2,0.4,25.2,10.11,12.5,1.2
0.4,0.8,0.6,0.1,0.5,0.2,0.4,28.08,10.81,13.34,1.21
0.4,0.7,0.6,0.1,0.6,0.2,0.4,24.119999999999997,9.87,12.18,1.2
0.4,0.7,0.6,0.1,0.4,0.2,0.4,24.84,10.45,12.88,1.2
0.4,0.7,0.6,0.1,0.5,0.3,0.4,25.56,10.59,13.07,1.2
0.4,0.7,0.6,0.1,0.5,0.1,0.4,25.2,10.16,12.54,1.2
0.4,0.7,0.6,0.1,0.5,0.2,0.3,27.0,10.81,13.33,1.21
0.4,0.7,0.6,0.1,0.5,0.2,0.5,21.96,9.95,12.2,1.18
0.4,0.7,0.5,0.1,0.5,0.2,0.5,22.32,9.95,11.88,1.15
0.4,0.7,0.7,0.1,0.5,0.2,0.5,21.599999999999998,9.44,11.73,1.2
0.3,0.7,0.6,0.1,0.5,0.2,0.5,20.52,9.46,11.67,1.19
0.5,0.7,0.6,0.1,0.5,0.2,0.5,20.52,9.51,11.68,1.18
0.4,0.6,0.6,0.1,0.5,0.2,0.5,20.52,9.51,11.68,1.18
0.4,0.8,0.6,0.1,0.5,0.2,0.5,21.599999999999998,9.9,12.06,1.18
0.4,0.7,0.6,0.1,0.6,0.2,0.5,20.52,9.51,11.68,1.18
0.4,0.7,0.6,0.1,0.4,0.2,0.5,20.52,9.52,11.72,1.18
0.4,0.7,0.6,0.1,0.5,0.3,0.5,21.24,9.43,11.59,1.19
0.4,0.7,0.6,0.1,0.5,0.1,0.5,21.24,9.24,11.4,1.19
0.4,0.7,0.6,0.1,0.5,0.2,0.6,19.439999999999998,8.91,10.94,1.18
0.4,0.7,0.5,0.1,0.5,0.2,0.6,19.8,9.21,10.94,1.14
0.4,0.7,0.7,0.1,0.5,0.2,0.6,19.08,8.7,10.77,1.19
0.4,0.7,0.6,0.2,0.5,0.2,0.6,20.16,9.63,10.53,1.06
0.3,0.7,0.6,0.1,0.5,0.2,0.6,20.16,9.06,11.08,1.18
0.5,0.7,0.6,0.1,0.5,0.2,0.6,19.8,8.96,10.99,1.18
0.4,0.6,0.6,0.1,0.5,0.2,0.6,19.8,8.93,10.94,1.18
0.4,0.8,0.6,0.1,0.5,0.2,0.6,20.16,9.1,11.13,1.18
0.4,0.7,0.6,0.1,0.6,0.2,0.6,18.72,8.87,10.89,1.17
0.4,0.7,0.6,0.1,0.4,0.2,0.6,19.8,8.91,10.87,1.17
0.4,0.7,0.6,0.1,0.5,0.3,0.6,20.16,8.73,10.67,1.17
0.4,0.7,0.6,0.1,0.5,0.1,0.6,19.8,9.02,11.05,1.17
0.4,0.7,0.6,0.1,0.5,0.2,0.7,18.36,8.54,10.42,1.17
0.4,0.7,0.5,0.1,0.5,0.2,0.7,20.88,9.23,10.84,1.14
0.4,0.7,0.7,0.1,0.5,0.2,0.7,18.36,8.5,10.46,1.18
0.4,0.7,0.6,0.2,0.5,0.2,0.7,21.24,9.95,10.71,1.05
0.3,0.7,0.6,0.1,0.5,0.2,0.7,19.439999999999998,8.59,10.57,1.18
0.5,0.7,0.6,0.1,0.5,0.2,0.7,19.439999999999998,8.65,10.58,1.17
0.4,0.6,0.6,0.1,0.5,0.2,0.7,19.439999999999998,9.03,10.94,1.17
0.4,0.8,0.6,0.1,0.5,0.2,0.7,19.08,8.77,10.65,1.17
0.4,0.7,0.6,0.1,0.6,0.2,0.7,19.08,8.98,10.93,1.17
0.4,0.7,0.6,0.1,0.4,0.2,0.7,19.08,8.56,10.45,1.17
0.4,0.7,0.6,0.1,0.5,0.3,0.7,19.439999999999998,8.64,10.48,1.18
0.4,0.7,0.6,0.1,0.5,0.1,0.7,19.08,8.96,10.97,1.17
0.4,0.7,0.8,0.1,0.5,0.2,0.7,18.0,8.39,10.48,1.21
0.4,0.7,0.7,0.2,0.5,0.2,0.7,20.52,9.77,10.81,1.08
0.3,0.7,0.7,0.1,0.5,0.2,0.7,19.439999999999998,8.69,10.69,1.18
0.5,0.7,0.7,0.1,0.5,0.2,0.7,19.08,8.88,10.86,1.19
0.4,0.6,0.7,0.1,0.5,0.2,0.7,20.16,8.56,10.53,1.19
0.4,0.8,0.7,0.1,0.5,0.2,0.7,18.36,8.45,10.43,1.19
0.4,0.7,0.7,0.1,0.6,0.2,0.7,19.439999999999998,8.69,10.69,1.18
0.4,0.7,0.7,0.1,0.4,0.2,0.7,19.439999999999998,8.94,10.93,1.19
0.4,0.7,0.7,0.1,0.5,0.3,0.7,18.36,8.63,10.51,1.19
0.4,0.7,0.7,0.1,0.5,0.1,0.7,18.72,8.71,10.75,1.19
0.4,0.7,0.9,0.1,0.5,0.2,0.7,18.72,8.28,10.41,1.21
0.4,0.7,0.8,0.2,0.5,0.2,0.7,20.16,9.37,10.8,1.12
0.3,0.7,0.8,0.1,0.5,0.2,0.7,19.08,8.45,10.63,1.21
0.5,0.7,0.8,0.1,0.5,0.2,0.7,18.72,8.56,10.6,1.19
0.4,0.6,0.8,0.1,0.5,0.2,0.7,18.36,8.39,10.48,1.21
0.4,0.8,0.8,0.1,0.5,0.2,0.7,18.0,8.33,10.41,1.2
0.4,0.7,0.8,0.1,0.6,0.2,0.7,19.08,8.45,10.63,1.21
0.4,0.7,0.8,0.1,0.4,0.2,0.7,18.36,8.54,10.59,1.2
0.4,0.7,0.8,0.1,0.5,0.3,0.7,18.72,8.52,10.52,1.2
0.4,0.7,0.8,0.1,0.5,0.1,0.7,19.8,8.82,11.0,1.2
0.4,0.7,0.8,0.1,0.5,0.2,0.6,19.439999999999998,8.83,11.01,1.19
0.4,0.8,0.9,0.1,0.5,0.2,0.7,19.439999999999998,8.32,10.44,1.2
0.4,0.8,0.8,0.2,0.5,0.2,0.7,20.16,9.45,10.86,1.11
0.3,0.8,0.8,0.1,0.5,0.2,0.7,19.439999999999998,8.69,10.85,1.21
0.5,0.8,0.8,0.1,0.5,0.2,0.7,18.36,8.39,10.48,1.21
0.4,0.9,0.8,0.1,0.5,0.2,0.7,19.08,8.45,10.63,1.21
0.4,0.8,0.8,0.1,0.6,0.2,0.7,19.439999999999998,8.69,10.85,1.21
0.4,0.8,0.8,0.1,0.4,0.2,0.7,19.439999999999998,8.58,10.66,1.2
0.4,0.8,0.8,0.1,0.5,0.3,0.7,18.72,8.52,10.52,1.2
0.4,0.8,0.8,0.1,0.5,0.1,0.7,19.8,8.82,11.0,1.2
0.4,0.8,0.8,0.1,0.5,0.2,0.6,19.439999999999998,8.83,11.01,1.19
0.4,0.8,1.0,0.1,0.5,0.2,0.7,18.36,8.31,10.61,1.23
0.4,0.8,0.9,0.2,0.5,0.2,0.7,20.52,9.24,10.79,1.13
0.3,0.8,0.9,0.1,0.5,0.2,0.7,18.72,8.26,10.49,1.21
0.5,0.8,0.9,0.1,0.5,0.2,0.7,19.439999999999998,8.2,10.34,1.21
0.4,0.9,0.9,0.1,0.5,0.2,0.7,18.0,8.19,10.35,1.21
0.4,0.8,0.9,0.1,0.6,0.2,0.7,18.36,8.29,10.53,1.21
0.4,0.8,0.9,0.1,0.4,0.2,0.7,18.0,8.22,10.35,1.21
0.4,0.8,0.9,0.1,0.5,0.3,0.7,18.72,8.17,10.25,1.21
0.4,0.8,0.9,0.1,0.5,0.1,0.7,18.36,8.29,10.53,1.21
0.4,0.8,0.9,0.1,0.5,0.2,0.6,18.72,8.28,10.5,1.21
0.4,0.8,1.0,0.1,0.5,0.3,0.7,19.08,8.27,10.51,1.23
0.4,0.8,0.9,0.2,0.5,0.3,0.7,19.08,8.95,10.44,1.12
0.3,0.8,0.9,0.1,0.5,0.3,0.7,18.36,8.26,10.36,1.2
0.5,0.8,0.9,0.1,0.5,0.3,0.7,18.72,8.17,10.25,1.21
0.4,0.7,0.9,0.1,0.5,0.3,0.7,18.72,8.17,10.25,1.21
0.4,0.9,0.9,0.1,0.5,0.3,0.7,18.72,8.17,10.25,1.21
0.4,0.8,0.9,0.1,0.6,0.3,0.7,18.72,8.16,10.28,1.21
0.4,0.8,0.9,0.1,0.4,0.3,0.7,18.72,8.29,10.35,1.21
0.4,0.8,0.9,0.1,0.5,0.4,0.7,18.72,8.29,10.35,1.21
0.4,0.8,0.9,0.1,0.5,0.3,0.6,21.24,8.97,11.23,1.21
0.4,0.7,1.0,0.1,0.5,0.3,0.7,19.08,8.27,10.51,1.23
0.4,0.7,0.9,0.2,0.5,0.3,0.7,19.08,8.95,10.44,1.12
0.3,0.7,0.9,0.1,0.5,0.3,0.7,18.0,8.23,10.34,1.2
0.5,0.7,0.9,0.1,0.5,0.3,0.7,18.72,8.17,10.25,1.21
0.4,0.6,0.9,0.1,0.5,0.3,0.7,18.72,8.17,10.25,1.21
0.4,0.7,0.9,0.1,0.6,0.3,0.7,19.439999999999998,8.11,10.24,1.21
0.4,0.7,0.9,0.1,0.4,0.3,0.7,18.72,8.29,10.35,1.21
0.4,0.7,0.9,0.1,0.5,0.4,0.7,18.0,8.18,10.24,1.21
0.4,0.7,0.9,0.1,0.5,0.3,0.6,19.08,8.37,10.55,1.21
0.4,0.6,1.0,0.1,0.5,0.3,0.7,19.08,8.27,10.51,1.23
0.4,0.6,0.8,0.1,0.5,0.3,0.7,18.72,8.52,10.52,1.2
0.4,0.6,0.9,0.2,0.5,0.3,0.7,19.08,8.95,10.44,1.12
0.3,0.6,0.9,0.1,0.5,0.3,0.7,18.72,8.17,10.25,1.21
0.5,0.6,0.9,0.1,0.5,0.3,0.7,18.72,8.21,10.27,1.21
0.4,0.5,0.9,0.1,0.5,0.3,0.7,18.0,8.18,10.24,1.21
0.4,0.6,0.9,0.1,0.6,0.3,0.7,18.0,8.21,10.32,1.21
0.4,0.6,0.9,0.1,0.4,0.3,0.7,18.72,8.29,10.35,1.21
0.4,0.6,0.9,0.1,0.5,0.2,0.7,19.439999999999998,8.2,10.34,1.21
0.4,0.6,0.9,0.1,0.5,0.4,0.7,18.0,8.18,10.24,1.21
0.4,0.6,0.9,0.1,0.5,0.3,0.6,19.08,8.58,10.79,1.21
0.3,0.6,1.0,0.1,0.5,0.3,0.7,19.08,8.27,10.51,1.23
0.3,0.6,0.8,0.1,0.5,0.3,0.7,18.72,8.52,10.52,1.2
0.3,0.6,0.9,0.2,0.5,0.3,0.7,19.08,8.95,10.44,1.12
0.2,0.6,0.9,0.1,0.5,0.3,0.7,18.72,8.27,10.4,1.21
0.3,0.5,0.9,0.1,0.5,0.3,0.7,18.72,8.17,10.25,1.21
0.3,0.6,0.9,0.1,0.6,0.3,0.7,18.72,8.15,10.29,1.21
0.3,0.6,0.9,0.1,0.4,0.3,0.7,18.72,8.29,10.35,1.21
0.3,0.6,0.9,0.1,0.5,0.2,0.7,19.08,8.16,10.31,1.21
0.3,0.6,0.9,0.1,0.5,0.4,0.7,18.0,8.18,10.24,1.21
0.3,0.6,0.9,0.1,0.5,0.3,0.6,19.8,8.36,10.55,1.21
0.3,0.5,1.0,0.1,0.5,0.3,0.7,19.08,8.27,10.51,1.23
0.3,0.5,0.8,0.1,0.5,0.3,0.7,18.72,8.52,10.52,1.2
0.3,0.5,0.9,0.2,0.5,0.3,0.7,19.08,8.95,10.44,1.12
0.2,0.5,0.9,0.1,0.5,0.3,0.7,18.36,8.26,10.36,1.2
0.3,0.4,0.9,0.1,0.5,0.3,0.7,18.0,8.18,10.24,1.21
0.3,0.5,0.9,0.1,0.6,0.3,0.7,18.0,8.21,10.32,1.21
0.3,0.5,0.9,0.1,0.4,0.3,0.7,18.72,8.29,10.35,1.21
0.3,0.5,0.9,0.1,0.5,0.2,0.7,18.72,8.27,10.4,1.21
0.3,0.5,0.9,0.1,0.5,0.4,0.7,18.0,8.18,10.24,1.21
0.3,0.5,0.9,0.1,0.5,0.3,0.6,19.8,8.36,10.55,1.21
0.3,0.5,1.0,0.1,0.6,0.3,0.7,19.08,8.5,10.74,1.23
0.3,0.5,0.8,0.1,0.6,0.3,0.7,18.72,8.34,10.39,1.21
0.3,0.5,0.9,0.2,0.6,0.3,0.7,20.16,9.19,10.69,1.13
0.2,0.5,0.9,0.1,0.6,0.3,0.7,19.08,8.16,10.31,1.21
0.4,0.5,0.9,0.1,0.6,0.3,0.7,18.72,8.17,10.25,1.21
0.3,0.4,0.9,0.1,0.6,0.3,0.7,19.08,8.37,10.5,1.21
0.3,0.5,0.9,0.1,0.7,0.3,0.7,19.439999999999998,8.11,10.24,1.21
0.3,0.5,0.9,0.1,0.6,0.2,0.7,18.72,8.26,10.49,1.21
0.3,0.5,0.9,0.1,0.6,0.4,0.7,18.72,8.17,10.25,1.21
0.3,0.5,0.9,0.1,0.6,0.3,0.6,19.08,8.37,10.55,1.21
0.4,0.5,1.0,0.1,0.6,0.3,0.7,18.72,8.27,10.51,1.23
0.4,0.5,0.8,0.1,0.6,0.3,0.7,18.72,8.52,10.52,1.2
0.4,0.5,0.9,0.2,0.6,0.3,0.7,19.8,8.97,10.46,1.12
0.5,0.5,0.9,0.1,0.6,0.3,0.7,18.0,8.02,10.1,1.21
0.4,0.4,0.9,0.1,0.6,0.3,0.7,18.36,8.31,10.42,1.21
0.4,0.5,0.9,0.1,0.7,0.3,0.7,18.0,8.21,10.32,1.21
0.4,0.5,0.9,0.1,0.6,0.2,0.7,18.0,8.11,10.25,1.21
0.4,0.5,0.9,0.1,0.6,0.4,0.7,20.16,8.07,10.19,1.21
0.4,0.5,0.9,0.1,0.6,0.3,0.6,19.08,8.37,10.55,1.21
0.5,0.5,1.0,0.1,0.6,0.3,0.7,18.36,8.22,10.48,1.23
0.5,0.5,0.8,0.1,0.6,0.3,0.7,18.72,8.49,10.5,1.2
0.5,0.5,0.9,0.2,0.6,0.3,0.7,19.08,9.02,10.47,1.13
0.6,0.5,0.9,0.1,0.6,0.3,0.7,19.8,8.27,10.42,1.21
0.5,0.6,0.9,0.1,0.6,0.3,0.7,18.36,8.31,10.42,1.21
0.5,0.4,0.9,0.1,0.6,0.3,0.7,18.0,8.14,10.23,1.21
0.5,0.5,0.9,0.1,0.5,0.3,0.7,18.0,8.0,10.09,1.21
0.5,0.5,0.9,0.1,0.7,0.3,0.7,18.36,8.31,10.42,1.21
0.5,0.5,0.9,0.1,0.6,0.2,0.7,18.0,8.11,10.25,1.21
0.5,0.5,0.9,0.1,0.6,0.4,0.7,18.36,8.15,10.24,1.21
0.5,0.5,0.9,0.1,0.6,0.3,0.6,19.08,8.59,10.77,1.21
0.5,0.4,1.0,0.1,0.6,0.3,0.7,19.8,8.4,10.65,1.23
0.5,0.4,0.8,0.1,0.6,0.3,0.7,18.36,8.53,10.59,1.2
0.5,0.4,0.9,0.2,0.6,0.3,0.7,18.72,8.99,10.48,1.14
0.6,0.4,0.9,0.1,0.6,0.3,0.7,18.0,8.24,10.31,1.21
0.5,0.3,0.9,0.1,0.6,0.3,0.7,18.0,8.24,10.31,1.21
0.5,0.4,0.9,0.1,0.5,0.3,0.7,18.0,8.14,10.23,1.21
0.5,0.4,0.9,0.1,0.7,0.3,0.7,19.8,8.27,10.42,1.21
0.5,0.4,0.9,0.1,0.6,0.2,0.7,18.36,8.15,10.24,1.21
0.5,0.4,0.9,0.1,0.6,0.4,0.7,18.0,8.24,10.31,1.21
0.5,0.4,0.9,0.1,0.6,0.3,0.6,19.08,8.59,10.77,1.21
0.5,0.4,1.0,0.1,0.5,0.3,0.7,19.08,8.33,10.58,1.23
0.5,0.4,0.8,0.1,0.5,0.3,0.7,18.36,8.53,10.59,1.2
0.5,0.4,0.9,0.2,0.5,0.3,0.7,18.72,8.99,10.48,1.14
0.6,0.4,0.9,0.1,0.5,0.3,0.7,18.0,8.24,10.31,1.21
0.4,0.4,0.9,0.1,0.5,0.3,0.7,18.72,8.21,10.27,1.21
0.5,0.3,0.9,0.1,0.5,0.3,0.7,18.0,8.24,10.31,1.21
0.5,0.4,0.9,0.1,0.4,0.3,0.7,18.0,8.14,10.23,1.21
0.5,0.4,0.9,0.1,0.5,0.2,0.7,18.36,8.15,10.24,1.21
0.5,0.4,0.9,0.1,0.5,0.4,0.7,18.0,8.24,10.31,1.21
0.5,0.4,0.9,0.1,0.5,0.3,0.6,18.36,8.32,10.44,1.21
0.5,0.3,1.0,0.1,0.5,0.3,0.7,17.64,8.13,10.31,1.23
0.5,0.3,0.8,0.1,0.5,0.3,0.7,18.36,8.2,10.21,1.2
0.5,0.3,0.9,0.2,0.5,0.3,0.7,19.08,8.95,10.37,1.13
0.6,0.3,0.9,0.1,0.5,0.3,0.7,18.72,8.23,10.29,1.21
0.4,0.3,0.9,0.1,0.5,0.3,0.7,18.0,8.14,10.23,1.21
0.5,0.2,0.9,0.1,0.5,0.3,0.7,18.36,8.16,10.16,1.21
0.5,0.3,0.9,0.1,0.4,0.3,0.7,18.0,8.24,10.31,1.21
0.5,0.3,0.9,0.1,0.5,0.2,0.7,18.0,8.14,10.23,1.21
0.5,0.3,0.9,0.1,0.5,0.4,0.7,19.08,8.23,10.29,1.21
0.5,0.3,0.9,0.1,0.5,0.3,0.6,19.8,8.79,10.89,1.21
0.4,0.3,1.0,0.1,0.5,0.3,0.7,19.439999999999998,8.28,10.51,1.23
0.4,0.3,0.8,0.1,0.5,0.3,0.7,19.08,8.49,10.5,1.2
0.4,0.3,0.9,0.2,0.5,0.3,0.7,18.36,8.96,10.42,1.13
0.3,0.3,0.9,0.1,0.5,0.3,0.7,18.72,8.21,10.27,1.21
0.4,0.2,0.9,0.1,0.5,0.3,0.7,17.64,8.07,10.12,1.21
0.4,0.3,0.9,0.1,0.6,0.3,0.7,18.0,8.14,10.23,1.21
0.4,0.3,0.9,0.1,0.4,0.3,0.7,18.36,8.15,10.24,1.21
0.4,0.3,0.9,0.1,0.5,0.2,0.7,18.72,8.17,10.25,1.21
0.4,0.3,0.9,0.1,0.5,0.4,0.7,18.0,8.24,10.31,1.21
0.4,0.3,0.9,0.1,0.5,0.3,0.6,18.72,8.36,10.44,1.21
0.4,0.3,1.0,0.1,0.6,0.3,0.7,19.08,8.33,10.58,1.23
0.4,0.3,0.8,0.1,0.6,0.3,0.7,19.08,8.49,10.5,1.2
0.4,0.3,0.9,0.2,0.6,0.3,0.7,18.36,8.96,10.42,1.13
0.3,0.3,0.9,0.1,0.6,0.3,0.7,18.36,8.31,10.42,1.21
0.4,0.2,0.9,0.1,0.6,0.3,0.7,17.64,8.07,10.12,1.21
0.4,0.3,0.9,0.1,0.7,0.3,0.7,19.8,8.27,10.42,1.21
0.4,0.3,0.9,0.1,0.6,0.2,0.7,18.72,8.17,10.25,1.21
0.4,0.3,0.9,0.1,0.6,0.4,0.7,18.0,8.24,10.31,1.21
0.4,0.3,0.9,0.1,0.6,0.3,0.6,19.8,8.61,10.75,1.21
0.4,0.3,1.0,0.1,0.6,0.4,0.7,18.0,8.24,10.43,1.22
0.4,0.3,0.8,0.1,0.6,0.4,0.7,18.72,8.27,10.28,1.2
0.4,0.3,0.9,0.2,0.6,0.4,0.7,18.0,8.81,10.24,1.13
0.3,0.3,0.9,0.1,0.6,0.4,0.7,18.36,8.15,10.24,1.21
0.5,0.3,0.9,0.1,0.6,0.4,0.7,17.64,8.07,10.12,1.21
0.4,0.2,0.9,0.1,0.6,0.4,0.7,18.36,8.16,10.16,1.21
0.4,0.4,0.9,0.1,0.6,0.4,0.7,18.36,8.15,10.24,1.21
0.4,0.3,0.9,0.1,0.7,0.4,0.7,18.0,8.24,10.31,1.21
0.4,0.3,0.9,0.1,0.6,0.5,0.7,17.64,8.07,10.12,1.21
0.4,0.3,0.9,0.1,0.6,0.4,0.6,18.72,8.49,10.62,1.21
0.4,0.3,1.0,0.1,0.7,0.4,0.7,17.64,8.13,10.31,1.23
0.4,0.3,0.8,0.1,0.7,0.4,0.7,18.36,8.2,10.21,1.2
0.4,0.3,0.9,0.2,0.7,0.4,0.7,19.08,8.95,10.37,1.13
0.3,0.3,0.9,0.1,0.7,0.4,0.7,18.0,8.14,10.23,1.21
0.5,0.3,0.9,0.1,0.7,0.4,0.7,17.64,8.07,10.12,1.21
0.4,0.2,0.9,0.1,0.7,0.4,0.7,18.36,8.13,10.17,1.21
0.4,0.4,0.9,0.1,0.7,0.4,0.7,19.8,8.27,10.42,1.21
0.4,0.3,0.9,0.1,0.8,0.4,0.7,18.36,8.2,10.26,1.21
0.4,0.3,0.9,0.1,0.7,0.5,0.7,17.64,8.07,10.12,1.21
0.4,0.3,0.9,0.1,0.7,0.4,0.6,18.36,8.61,10.78,1.21
0.3,0.3,1.0,0.1,0.7,0.4,0.7,19.439999999999998,8.28,10.5,1.23
0.3,0.3,0.8,0.1,0.7,0.4,0.7,19.08,8.41,10.47,1.2
0.3,0.3,0.9,0.2,0.7,0.4,0.7,20.16,8.9,10.36,1.12
0.2,0.3,0.9,0.1,0.7,0.4,0.7,19.08,8.37,10.5,1.21
0.3,0.2,0.9,0.1,0.7,0.4,0.7,17.64,8.07,10.12,1.21
0.3,0.4,0.9,0.1,0.7,0.4,0.7,18.36,8.29,10.38,1.21
0.3,0.3,0.9,0.1,0.8,0.4,0.7,18.36,8.22,10.37,1.21
0.3,0.3,0.9,0.1,0.7,0.3,0.7,19.08,8.37,10.5,1.21
0.3,0.3,0.9,0.1,0.7,0.5,0.7,18.36,8.13,10.2,1.21
0.3,0.3,0.9,0.1,0.7,0.4,0.6,19.08,8.59,10.77,1.21
0.3,0.3,1.0,0.1,0.7,0.5,0.7,18.36,8.24,10.4,1.23
0.3,0.3,0.8,0.1,0.7,0.5,0.7,18.36,8.4,10.43,1.2
0.3,0.3,0.9,0.2,0.7,0.5,0.7,18.72,9.14,10.62,1.13
0.2,0.3,0.9,0.1,0.7,0.5,0.7,18.36,8.15,10.23,1.21
0.3,0.2,0.9,0.1,0.7,0.5,0.7,18.0,8.09,10.14,1.21
0.3,0.4,0.9,0.1,0.7,0.5,0.7,18.36,8.15,10.24,1.21
0.3,0.3,0.9,0.1,0.6,0.5,0.7,18.36,8.13,10.2,1.21
0.3,0.3,0.9,0.1,0.8,0.5,0.7,18.36,8.13,10.2,1.21
0.3,0.3,0.9,0.1,0.7,0.6,0.7,18.72,8.28,10.36,1.21
0.3,0.3,0.9,0.1,0.7,0.5,0.6,19.08,8.75,10.91,1.21
0.3,0.3,1.0,0.1,0.8,0.5,0.7,18.36,8.24,10.4,1.23
0.3,0.3,0.8,0.1,0.8,0.5,0.7,18.0,8.38,10.44,1.2
0.3,0.3,0.9,0.2,0.8,0.5,0.7,18.36,8.86,10.31,1.13
0.2,0.3,0.9,0.1,0.8,0.5,0.7,18.36,8.29,10.43,1.21
0.4,0.3,0.9,0.1,0.8,0.5,0.7,17.64,8.07,10.12,1.21
0.3,0.2,0.9,0.1,0.8,0.5,0.7,18.0,8.09,10.14,1.21
0.3,0.4,0.9,0.1,0.8,0.5,0.7,18.36,8.09,10.18,1.21
0.3,0.3,0.9,0.1,0.9,0.5,0.7,18.36,8.23,10.35,1.21
0.3,0.3,0.9,0.1,0.8,0.6,0.7,18.36,8.17,10.21,1.21
0.3,0.3,0.9,0.1,0.8,0.5,0.6,18.36,8.62,10.75,1.21
0.3,0.3,1.0,0.2,0.8,0.5,0.7,20.16,8.73,10.29,1.14
0.2,0.3,1.0,0.1,0.8,0.5,0.7,18.72,8.24,10.47,1.23
0.4,0.3,1.0,0.1,0.8,0.5,0.7,18.36,8.24,10.4,1.22
0.3,0.2,1.0,0.1,0.8,0.5,0.7,18.72,8.07,10.21,1.23
0.3,0.4,1.0,0.1,0.8,0.5,0.7,18.0,8.24,10.47,1.23
0.3,0.3,1.0,0.1,0.9,0.5,0.7,19.08,8.28,10.51,1.23
0.3,0.3,1.0,0.1,0.8,0.6,0.7,17.64,8.11,10.29,1.23
0.3,0.3,1.0,0.1,0.8,0.4,0.7,18.0,8.09,10.35,1.23
0.3,0.3,1.0,0.1,0.8,0.5,0.6,19.08,8.18,10.46,1.23
0.3,0.2,1.0,0.2,0.8,0.5,0.7,19.08,8.49,10.11,1.14
0.2,0.2,1.0,0.1,0.8,0.5,0.7,18.36,8.24,10.4,1.23
0.4,0.2,1.0,0.1,0.8,0.5,0.7,18.0,7.92,10.14,1.23
0.3,0.1,1.0,0.1,0.8,0.5,0.7,17.64,8.04,10.15,1.23
0.3,0.2,1.0,0.1,0.7,0.5,0.7,18.0,8.05,10.23,1.23
0.3,0.2,1.0,0.1,0.9,0.5,0.7,18.0,8.25,10.43,1.23
0.3,0.2,1.0,0.1,0.8,0.6,0.7,18.0,7.92,10.14,1.23
0.3,0.2,1.0,0.1,0.8,0.4,0.7,18.36,8.32,10.52,1.22
0.3,0.2,1.0,0.1,0.8,0.5,0.6,18.36,8.39,10.6,1.22
0.3,0.1,0.9,0.1,0.8,0.5,0.7,18.0,8.37,10.47,1.21
0.3,0.1,1.0,0.2,0.8,0.5,0.7,18.72,8.51,10.08,1.14
0.2,0.1,1.0,0.1,0.8,0.5,0.7,18.0,8.09,10.24,1.23
0.4,0.1,1.0,0.1,0.8,0.5,0.7,17.64,8.04,10.15,1.23
0.3,0.1,1.0,0.1,0.7,0.5,0.7,17.64,8.04,10.15,1.23
0.3,0.1,1.0,0.1,0.9,0.5,0.7,18.0,8.16,10.3,1.23
0.3,0.1,1.0,0.1,0.8,0.6,0.7,17.64,8.04,10.15,1.23
0.3,0.1,1.0,0.1,0.8,0.4,0.7,18.0,7.92,10.14,1.23
0.3,0.1,1.0,0.1,0.8,0.5,0.6,18.0,8.13,10.34,1.23
0.3,0.1,0.9,0.1,0.8,0.4,0.7,18.36,8.16,10.16,1.21
0.3,0.1,1.0,0.2,0.8,0.4,0.7,19.08,8.53,10.15,1.15
0.2,0.1,1.0,0.1,0.8,0.4,0.7,18.72,8.22,10.4,1.23
0.4,0.1,1.0,0.1,0.8,0.4,0.7,18.0,8.16,10.3,1.23
0.3,0.1,1.0,0.1,0.7,0.4,0.7,18.0,7.92,10.14,1.23
0.3,0.1,1.0,0.1,0.9,0.4,0.7,18.0,7.92,10.14,1.23
0.3,0.1,1.0,0.1,0.8,0.3,0.7,18.0,8.22,10.36,1.23
0.3,0.1,1.0,0.1,0.8,0.4,0.6,18.72,8.22,10.43,1.23
0.3,0.1,0.9,0.1,0.7,0.4,0.7,18.36,8.16,10.16,1.21
0.3,0.1,1.0,0.2,0.7,0.4,0.7,19.08,8.53,10.15,1.15
0.2,0.1,1.0,0.1,0.7,0.4,0.7,18.72,8.22,10.4,1.23
0.4,0.1,1.0,0.1,0.7,0.4,0.7,18.0,8.16,10.3,1.23
0.3,0.2,1.0,0.1,0.7,0.4,0.7,18.0,8.19,10.37,1.23
0.3,0.1,1.0,0.1,0.6,0.4,0.7,17.64,8.04,10.15,1.23
0.3,0.1,1.0,0.1,0.7,0.3,0.7,18.0,7.93,10.13,1.24
0.3,0.1,1.0,0.1,0.7,0.4,0.6,18.72,8.22,10.43,1.23
0.3,0.1,0.9,0.1,0.6,0.4,0.7,18.0,8.37,10.47,1.21
0.3,0.1,1.0,0.2,0.6,0.4,0.7,18.72,8.51,10.08,1.14
0.2,0.1,1.0,0.1,0.6,0.4,0.7,18.0,8.09,10.24,1.23
0.4,0.1,1.0,0.1,0.6,0.4,0.7,17.64,8.04,10.15,1.23
0.3,0.2,1.0,0.1,0.6,0.4,0.7,18.36,8.24,10.4,1.22
0.3,0.1,1.0,0.1,0.5,0.4,0.7,17.64,8.04,10.15,1.23
0.3,0.1,1.0,0.1,0.6,0.3,0.7,18.0,7.92,10.14,1.23
0.3,0.1,1.0,0.1,0.6,0.5,0.7,17.64,8.04,10.15,1.23
0.3,0.1,1.0,0.1,0.6,0.4,0.6,18.72,8.25,10.44,1.23
0.3,0.1,0.9,0.1,0.6,0.5,0.7,18.0,8.37,10.47,1.21
0.3,0.1,1.0,0.2,0.6,0.5,0.7,18.72,8.51,10.08,1.14
0.2,0.1,1.0,0.1,0.6,0.5,0.7,18.0,7.92,10.14,1.23
0.4,0.1,1.0,0.1,0.6,0.5,0.7,17.64,8.04,10.15,1.23
0.3,0.2,1.0,0.1,0.6,0.5,0.7,18.0,8.05,10.23,1.23
0.3,0.1,1.0,0.1,0.5,0.5,0.7,18.72,8.13,10.3,1.23
0.3,0.1,1.0,0.1,0.6,0.6,0.7,18.72,8.14,10.4,1.23
0.3,0.1,1.0,0.1,0.6,0.5,0.6,19.08,8.29,10.55,1.23
0.4,0.1,0.9,0.1,0.6,0.5,0.7,18.0,8.37,10.47,1.21
0.4,0.1,1.0,0.2,0.6,0.5,0.7,18.72,8.51,10.08,1.14
0.5,0.1,1.0,0.1,0.6,0.5,0.7,17.64,8.04,10.15,1.23
0.4,0.2,1.0,0.1,0.6,0.5,0.7,18.0,7.92,10.14,1.23
0.4,0.1,1.0,0.1,0.5,0.5,0.7,18.72,8.13,10.3,1.23
0.4,0.1,1.0,0.1,0.7,0.5,0.7,17.64,8.04,10.15,1.23
0.4,0.1,1.0,0.1,0.6,0.6,0.7,18.72,8.14,10.4,1.23
0.4,0.1,1.0,0.1,0.6,0.5,0.6,19.08,8.33,10.64,1.23
0.4,0.1,0.9,0.1,0.7,0.5,0.7,18.0,8.37,10.47,1.21
0.4,0.1,1.0,0.2,0.7,0.5,0.7,18.72,8.51,10.08,1.14
0.5,0.1,1.0,0.1,0.7,0.5,0.7,17.64,8.04,10.15,1.23
0.4,0.2,1.0,0.1,0.7,0.5,0.7,18.0,7.92,10.14,1.23
0.4,0.1,1.0,0.1,0.7,0.6,0.7,18.72,8.14,10.4,1.23
0.4,0.1,1.0,0.1,0.7,0.5,0.6,19.439999999999998,8.67,10.92,1.23
0.5,0.1,0.9,0.1,0.7,0.5,0.7,18.0,8.37,10.47,1.21
0.5,0.1,1.0,0.2,0.7,0.5,0.7,18.72,8.51,10.08,1.14
0.6,0.1,1.0,0.1,0.7,0.5,0.7,17.64,8.04,10.15,1.23
0.5,0.2,1.0,0.1,0.7,0.5,0.7,18.0,7.92,10.14,1.23
0.5,0.1,1.0,0.1,0.8,0.5,0.7,17.64,8.04,10.15,1.23
0.5,0.1,1.0,0.1,0.7,0.6,0.7,18.72,8.14,10.4,1.23
0.5,0.1,1.0,0.1,0.7,0.4,0.7,18.0,8.16,10.3,1.23
0.5,0.1,1.0,0.1,0.7,0.5,0.6,18.36,8.61,10.82,1.23
0.5,0.2,0.9,0.1,0.7,0.5,0.7,18.36,8.16,10.16,1.21
0.5,0.2,1.0,0.2,0.7,0.5,0.7,19.08,8.53,10.15,1.15
0.6,0.2,1.0,0.1,0.7,0.5,0.7,17.64,8.04,10.15,1.23
0.5,0.3,1.0,0.1,0.7,0.5,0.7,18.0,8.05,10.23,1.23
0.5,0.2,1.0,0.1,0.6,0.5,0.7,18.0,7.92,10.14,1.23
0.5,0.2,1.0,0.1,0.8,0.5,0.7,18.0,7.92,10.14,1.23
0.5,0.2,1.0,0.1,0.7,0.6,0.7,18.72,8.14,10.4,1.23
0.5,0.2,1.0,0.1,0.7,0.4,0.7,18.0,7.92,10.14,1.23
0.5,0.2,1.0,0.1,0.7,0.5,0.6,18.36,8.31,10.52,1.23
0.5,0.2,0.9,0.1,0.6,0.5,0.7,18.36,8.16,10.16,1.21
0.5,0.2,1.0,0.2,0.6,0.5,0.7,19.08,8.53,10.15,1.15
0.6,0.2,1.0,0.1,0.6,0.5,0.7,17.64,8.04,10.15,1.23
0.5,0.3,1.0,0.1,0.6,0.5,0.7,18.0,8.05,10.23,1.23
0.5,0.2,1.0,0.1,0.5,0.5,0.7,18.36,8.15,10.33,1.23
0.5,0.2,1.0,0.1,0.6,0.6,0.7,18.72,8.14,10.4,1.23
0.5,0.2,1.0,0.1,0.6,0.4,0.7,18.0,7.92,10.14,1.23
0.5,0.2,1.0,0.1,0.6,0.5,0.6,18.72,8.26,10.57,1.24
0.6,0.2,0.9,0.1,0.6,0.5,0.7,18.0,8.37,10.47,1.21
0.6,0.2,1.0,0.2,0.6,0.5,0.7,18.72,8.51,10.08,1.14
0.7,0.2,1.0,0.1,0.6,0.5,0.7,17.64,8.04,10.15,1.23
0.6,0.3,1.0,0.1,0.6,0.5,0.7,18.0,7.92,10.14,1.23
0.6,0.1,1.0,0.1,0.6,0.5,0.7,17.64,8.04,10.15,1.23
0.6,0.2,1.0,0.1,0.5,0.5,0.7,18.72,8.13,10.3,1.23
0.6,0.2,1.0,0.1,0.6,0.6,0.7,18.72,8.14,10.4,1.23
0.6,0.2,1.0,0.1,0.6,0.4,0.7,18.0,7.92,10.14,1.23
0.6,0.2,1.0,0.1,0.6,0.5,0.6,19.08,8.29,10.55,1.23
0.6,0.2,0.9,0.1,0.6,0.4,0.7,18.36,8.16,10.16,1.21
0.6,0.2,1.0,0.2,0.6,0.4,0.7,19.08,8.53,10.15,1.15
0.7,0.2,1.0,0.1,0.6,0.4,0.7,17.64,8.04,10.15,1.23
0.6,0.3,1.0,0.1,0.6,0.4,0.7,18.0,7.92,10.14,1.23
0.6,0.1,1.0,0.1,0.6,0.4,0.7,17.64,8.04,10.15,1.23
0.6,0.2,1.0,0.1,0.5,0.4,0.7,18.0,7.92,10.14,1.23
0.6,0.2,1.0,0.1,0.7,0.4,0.7,18.0,7.92,10.14,1.23
0.6,0.2,1.0,0.1,0.6,0.3,0.7,18.0,7.92,10.14,1.23
0.6,0.2,1.0,0.1,0.6,0.4,0.6,18.36,8.31,10.52,1.23
0.6,0.2,0.9,0.1,0.7,0.4,0.7,18.36,8.16,10.16,1.21
0.6,0.2,1.0,0.2,0.7,0.4,0.7,19.08,8.53,10.15,1.15
0.7,0.2,1.0,0.1,0.7,0.4,0.7,18.0,7.92,10.14,1.23
0.6,0.3,1.0,0.1,0.7,0.4,0.7,18.72,8.25,10.4,1.23
0.6,0.1,1.0,0.1,0.7,0.4,0.7,18.0,8.16,10.3,1.23
0.6,0.2,1.0,0.1,0.8,0.4,0.7,18.0,7.92,10.14,1.23
0.6,0.2,1.0,0.1,0.7,0.3,0.7,18.0,7.93,10.13,1.24
0.6,0.2,1.0,0.1,0.7,0.4,0.6,17.64,8.13,10.32,1.23
0.6,0.2,0.9,0.1,0.8,0.4,0.7,18.36,8.16,10.16,1.21
0.6,0.2,1.0,0.2,0.8,0.4,0.7,19.08,8.53,10.15,1.15
0.5,0.2,1.0,0.1,0.8,0.4,0.7,18.0,7.92,10.14,1.23
0.7,0.2,1.0,0.1,0.8,0.4,0.7,18.0,7.92,10.14,1.23
0.6,0.3,1.0,0.1,0.8,0.4,0.7,18.72,8.25,10.4,1.23
0.6,0.1,1.0,0.1,0.8,0.4,0.7,18.0,8.16,10.3,1.23
0.6,0.2,1.0,0.1,0.9,0.4,0.7,18.0,7.93,10.13,1.24
0.6,0.2,1.0,0.1,0.8,0.3,0.7,18.0,7.93,10.13,1.24
0.6,0.2,1.0,0.1,0.8,0.5,0.7,18.0,7.92,10.14,1.23
0.6,0.2,1.0,0.1,0.8,0.4,0.6,18.72,8.22,10.43,1.23
0.7,0.2,0.9,0.1,0.8,0.4,0.7,18.36,8.16,10.16,1.21
0.7,0.2,1.0,0.2,0.8,0.4,0.7,19.08,8.53,10.15,1.15
0.8,0.2,1.0,0.1,0.8,0.4,0.7,18.0,8.16,10.3,1.23
0.7,0.3,1.0,0.1,0.8,0.4,0.7,18.0,7.92,10.14,1.23
0.7,0.1,1.0,0.1,0.8,0.4,0.7,18.0,8.16,10.3,1.23
0.7,0.2,1.0,0.1,0.9,0.4,0.7,18.0,7.93,10.13,1.24
0.7,0.2,1.0,0.1,0.8,0.3,0.7,18.0,7.93,10.13,1.24
0.7,0.2,1.0,0.1,0.8,0.5,0.7,17.64,8.04,10.15,1.23
0.7,0.2,1.0,0.1,0.8,0.4,0.6,19.08,8.15,10.33,1.23
0.7,0.2,0.9,0.1,0.9,0.4,0.7,18.36,8.16,10.16,1.21
0.7,0.2,1.0,0.2,0.9,0.4,0.7,19.08,8.53,10.15,1.15
0.8,0.2,1.0,0.1,0.9,0.4,0.7,18.0,7.93,10.13,1.24
0.7,0.3,1.0,0.1,0.9,0.4,0.7,18.0,7.92,10.14,1.23
0.7,0.1,1.0,0.1,0.9,0.4,0.7,18.0,8.16,10.3,1.23
0.7,0.2,1.0,0.1,1.0,0.4,0.7,18.0,7.93,10.13,1.24
0.7,0.2,1.0,0.1,0.9,0.3,0.7,18.0,7.93,10.13,1.24
0.7,0.2,1.0,0.1,0.9,0.5,0.7,18.0,8.16,10.3,1.23
0.7,0.2,1.0,0.1,0.9,0.4,0.6,18.72,8.07,10.28,1.23
0.8,0.2,0.9,0.1,0.9,0.4,0.7,18.36,8.16,10.16,1.21
0.8,0.2,1.0,0.2,0.9,0.4,0.7,19.08,8.53,10.15,1.15
0.9,0.2,1.0,0.1,0.9,0.4,0.7,18.0,8.16,10.3,1.23
0.8,0.3,1.0,0.1,0.9,0.4,0.7,18.0,7.92,10.14,1.23
0.8,0.1,1.0,0.1,0.9,0.4,0.7,18.0,8.16,10.3,1.23
0.8,0.2,1.0,0.1,1.0,0.4,0.7,18.0,7.93,10.13,1.24
0.8,0.2,1.0,0.1,0.9,0.3,0.7,18.0,7.93,10.13,1.24
0.8,0.2,1.0,0.1,0.9,0.5,0.7,18.0,8.16,10.3,1.23
0.8,0.2,1.0,0.1,0.9,0.4,0.6,18.0,8.07,10.29,1.23
0.8,0.2,0.9,0.1,1.0,0.4,0.7,18.36,8.16,10.16,1.21
0.8,0.2,1.0,0.2,1.0,0.4,0.7,19.08,8.53,10.15,1.15
0.9,0.2,1.0,0.1,1.0,0.4,0.7,18.0,7.93,10.13,1.24
0.8,0.3,1.0,0.1,1.0,0.4,0.7,18.0,7.93,10.13,1.24
0.8,0.1,1.0,0.1,1.0,0.4,0.7,18.0,8.16,10.3,1.23
0.8,0.2,1.0,0.1,1.0,0.3,0.7,18.0,7.93,10.13,1.24
0.8,0.2,1.0,0.1,1.0,0.5,0.7,18.0,8.16,10.3,1.23
0.8,0.2,1.0,0.1,1.0,0.4,0.6,18.0,7.99,10.16,1.23
0.9,0.2,0.9,0.1,1.0,0.4,0.7,18.36,8.16,10.16,1.21
0.9,0.2,1.0,0.2,1.0,0.4,0.7,19.08,8.53,10.15,1.15
