date ('+51069-10-05 14:55:59')
1,100,5,10.65,1.32,8.06
2,100,17,11.17,1.15,9.64
3,100,7,13.17,1.09,11.42
4,100,1,23.25,1.01,22.32
5,100,21,22.33,1.15,19.56
12,100,14,21.52,1.12,19.44
14,100,13,18.61,1.12,16.92
15,100,19,11.42,1.22,9.53
16,100,3,6.92,1.36,5.04
date ('+51069-10-07 19:50:05')
1,100,10,9.25,1.3,7.13
2,100,31,16.52,1.14,14.84
3,100,7,16.19,1.15,14.04
4,100,2,21.19,1.0,20.7
5,100,8,23.0,1.11,20.75
12,100,2,26.31,0.97,26.28
13,100,3,23.4,0.99,22.92
14,100,9,21.19,1.13,18.88
15,100,25,18.78,1.16,16.32
16,100,3,6.58,1.45,4.56
date ('+51069-11-11 10:55:34')
1,100,7,9.54,1.43,6.69
2,100,24,14.25,1.15,12.48
3,100,17,21.66,1.15,18.87
5,100,3,20.57,1.18,17.28
12,100,4,22.07,1.05,20.7
14,100,22,20.78,1.11,19.28
15,100,19,13.67,1.14,12.45
16,100,4,9.0,1.3,6.84
date ('+51069-11-14 23:17:26')
1,100,4,10.25,1.43,7.2
2,100,21,16.95,1.13,15.48
3,100,7,12.03,1.18,10.29
4,100,16,23.98,1.09,21.92
5,100,2,21.64,1.03,20.16
12,100,2,20.25,1.28,15.48
14,100,20,21.78,1.13,20.57
15,100,24,13.9,1.19,11.63
16,100,4,9.0,1.43,6.3
