date ('+51069-11-11 10:54:01')
zombie0,3.6,5.25,1.46,1
zombie1,4.32,6.25,1.45,2
zombie2,4.32,6.25,1.45,15
zombie3,4.32,6.25,1.45,2
zombie4,5.04,7.25,1.44,16
zombie5,5.04,7.25,1.44,1
zombie6,5.76,8.25,1.43,1
zombie7,5.76,7.25,1.23,2
zombie8,5.76,7.25,1.22,2
zombie9,6.12,8.25,1.33,15
zombie10,6.48,9.25,1.43,15
zombie11,6.84,8.25,1.18,16
zombie12,6.84,8.25,1.17,16
zombie13,6.84,8.98,1.29,15
zombie14,7.2,9.25,1.26,2
zombie15,7.2,10.25,1.42,1
zombie16,7.2,9.25,1.24,2
zombie17,7.2,10.25,1.42,1
zombie18,7.56,10.75,1.42,15
zombie19,7.92,8.25,1.01,2
zombie20,7.92,8.25,1.0,2
zombie21,8.28,10.25,1.24,14
zombie22,8.64,11.22,1.27,2
zombie23,8.64,11.25,1.27,3
zombie24,8.64,12.25,1.42,1
zombie25,8.64,12.25,1.42,16
zombie26,8.64,10.25,1.15,15
zombie27,9.0,12.5,1.39,15
zombie28,9.0,10.75,1.13,14
zombie29,9.36,13.25,1.42,2
zombie30,9.36,13.25,1.42,1
zombie31,9.72,12.14,1.25,15
zombie32,9.72,13.75,1.41,3
zombie33,10.08,11.98,1.17,15
zombie34,10.44,12.38,1.12,14
zombie35,10.44,9.25,0.85,2
zombie36,10.44,9.25,0.85,2
zombie37,11.16,15.02,1.34,14
zombie38,11.16,14.1,1.21,14
zombie39,11.16,12.7,1.11,2
zombie40,11.52,13.25,1.13,2
zombie41,11.88,16.25,1.37,3
zombie42,11.88,10.25,0.83,15
zombie43,11.88,10.25,0.82,15
zombie44,12.24,14.25,1.13,2
zombie45,12.6,16.68,1.31,14
zombie46,12.6,14.75,1.17,3
zombie47,12.96,17.15,1.31,15
zombie48,13.32,15.05,1.11,2
zombie49,13.32,16.25,1.22,2
zombie50,13.32,17.25,1.3,14
zombie51,13.68,12.25,0.87,15
zombie52,13.68,17.25,1.24,12
zombie53,13.68,18.25,1.32,14
zombie54,14.04,19.03,1.35,3
zombie55,14.04,18.98,1.34,5
zombie56,14.4,13.87,0.93,15
zombie57,14.76,17.06,1.16,2
zombie58,14.76,19.69,1.32,14
zombie59,15.12,13.87,0.89,15
zombie60,15.48,19.69,1.25,14
zombie61,15.84,19.06,1.17,3
zombie62,15.84,15.55,0.95,15
zombie63,16.92,20.75,1.18,2
zombie64,16.92,19.59,1.12,3
zombie65,17.64,20.21,1.11,5
zombie66,18.0,18.63,1.02,2
zombie67,18.0,19.25,1.03,14
zombie68,18.36,18.77,0.98,3
zombie69,19.44,27.25,1.4,14
zombie70,19.44,22.02,1.09,3
zombie71,20.16,22.52,1.08,5
zombie72,20.52,25.75,1.23,3
zombie73,20.52,21.51,1.01,12
zombie74,20.88,20.75,0.96,14
zombie75,20.88,22.94,1.05,3
zombie76,21.24,23.36,1.06,2
zombie77,21.24,20.59,0.95,15
zombie78,21.6,21.25,0.94,12
zombie79,21.96,25.25,1.11,2
zombie80,22.32,26.75,1.16,3
zombie81,22.32,25.25,1.09,14
zombie82,22.68,25.7,1.11,14
zombie83,23.04,28.25,1.2,14
zombie84,23.04,25.67,1.06,3
zombie85,23.76,27.6,1.12,15
zombie86,23.76,29.04,1.2,3
zombie87,25.56,28.68,1.07,3
zombie88,26.28,26.25,0.96,14
zombie89,26.64,30.25,1.09,2
zombie90,27.0,27.97,1.02,15
zombie91,27.0,28.25,1.01,12
zombie92,27.72,26.25,0.91,14
zombie93,28.08,26.73,0.9,3
zombie94,29.16,28.23,0.92,3
zombie95,29.16,30.25,1.01,2
zombie96,29.88,26.17,0.88,14
zombie97,30.6,23.38,0.73,14
zombie98,31.32,29.25,0.89,14
zombie99,32.04,25.24,0.8,14
date ('+51069-11-14 23:15:02')
zombie0,4.32,4.32,6.25,1.45,15
zombie1,5.04,5.04,7.25,1.44,1
zombie2,5.04,5.04,7.25,1.44,16
zombie3,5.04,5.04,7.25,1.44,2
zombie4,5.3999999999999995,5.4,7.25,1.31,15
zombie5,5.76,5.76,7.25,1.23,2
zombie6,5.76,5.76,8.25,1.43,1
zombie7,5.76,5.76,8.25,1.43,16
zombie8,6.12,6.12,7.98,1.28,15
zombie9,6.4799999999999995,6.48,8.25,1.25,2
zombie10,6.4799999999999995,6.48,8.64,1.3,3
zombie11,6.4799999999999995,6.48,9.25,1.43,16
zombie12,6.84,6.84,9.75,1.43,15
zombie13,6.84,6.84,9.5,1.39,14
zombie14,7.199999999999999,7.2,9.53,1.31,2
zombie15,7.56,7.56,8.75,1.1,15
zombie16,7.56,7.56,9.45,1.21,14
zombie17,7.56,7.56,10.75,1.42,3
zombie18,7.92,7.92,10.59,1.32,3
zombie19,7.92,7.92,11.25,1.42,16
zombie20,8.28,8.28,10.75,1.3,15
zombie21,8.64,8.64,12.25,1.42,1
zombie22,8.64,8.64,11.1,1.27,2
zombie23,8.64,8.64,10.75,1.18,15
zombie24,9.0,9.0,12.0,1.33,14
zombie25,9.0,9.0,11.25,1.2,14
zombie26,9.0,9.0,12.75,1.42,15
zombie27,9.36,9.36,11.18,1.12,2
zombie28,9.36,9.36,13.25,1.42,1
zombie29,9.719999999999999,9.72,12.08,1.22,15
zombie30,10.08,10.08,12.04,1.13,2
zombie31,10.44,10.44,14.0,1.34,14
zombie32,10.799999999999999,10.8,13.0,1.2,3
zombie33,10.799999999999999,10.8,12.72,1.13,2
zombie34,11.16,11.16,12.55,1.08,15
zombie35,11.52,11.52,13.72,1.15,2
zombie36,11.52,11.52,13.05,1.08,15
zombie37,11.879999999999999,11.88,10.93,0.9,15
zombie38,11.879999999999999,11.88,16.25,1.36,14
zombie39,12.24,12.24,15.03,1.22,15
zombie40,12.24,12.24,11.21,0.87,3
zombie41,12.24,12.24,14.75,1.14,2
zombie42,12.6,12.6,12.25,0.94,15
zombie43,12.6,12.6,15.04,1.15,15
zombie44,12.959999999999999,12.96,12.55,0.94,15
zombie45,12.959999999999999,12.96,11.77,0.87,3
zombie46,13.32,13.32,17.41,1.28,4
zombie47,13.32,13.32,16.51,1.23,15
zombie48,13.68,13.68,13.22,0.96,15
zombie49,13.68,13.68,16.54,1.16,2
zombie50,14.04,14.04,18.25,1.27,3
zombie51,14.04,14.04,18.68,1.31,14
zombie52,14.399999999999999,14.4,19.75,1.37,12
zombie53,14.399999999999999,14.4,13.62,0.94,15
zombie54,14.76,14.76,14.83,0.98,2
zombie55,15.12,15.12,19.16,1.24,15
zombie56,15.12,15.12,17.63,1.13,2
zombie57,15.12,15.12,20.18,1.31,15
zombie58,15.479999999999999,15.48,17.25,1.06,4
zombie59,15.84,15.84,21.5,1.36,14
zombie60,16.2,16.2,21.25,1.28,4
zombie61,16.56,16.56,20.75,1.19,12
zombie62,16.919999999999998,16.92,22.25,1.28,4
zombie63,16.919999999999998,16.92,19.18,1.11,2
zombie64,17.28,17.28,21.18,1.16,15
zombie65,17.64,17.64,20.25,1.13,4
zombie66,18.0,18.0,24.32,1.35,15
zombie67,18.36,18.36,24.75,1.33,14
zombie68,18.36,18.36,19.43,1.03,4
zombie69,19.08,19.08,26.25,1.37,14
zombie70,19.08,19.08,20.11,1.03,5
zombie71,19.439999999999998,19.44,20.93,1.06,2
zombie72,19.8,19.8,22.18,1.1,4
zombie73,20.16,20.16,24.2,1.18,2
zombie74,20.52,20.52,24.72,1.18,4
zombie75,20.88,20.88,22.75,1.05,14
zombie76,21.24,21.24,27.75,1.28,15
zombie77,21.24,21.24,23.17,1.03,5
zombie78,21.96,21.96,25.54,1.12,4
zombie79,22.68,22.68,26.69,1.13,2
zombie80,22.68,22.68,26.25,1.1,14
zombie81,23.4,23.4,29.56,1.23,14
zombie82,23.4,23.4,25.33,1.03,4
zombie83,24.119999999999997,24.12,25.25,1.0,2
zombie84,24.84,24.84,28.27,1.12,4
zombie85,25.56,25.56,28.41,1.06,2
zombie86,25.56,25.56,27.6,1.04,4
zombie87,25.919999999999998,25.92,27.25,1.01,14
zombie88,26.279999999999998,26.28,32.65,1.22,4
zombie89,26.64,26.64,28.2,1.02,14
zombie90,27.0,27.0,28.26,1.03,4
zombie91,27.36,27.36,27.25,0.98,14
zombie92,30.599999999999998,30.6,24.6,0.79,4
zombie93,31.68,31.68,26.25,0.81,2
zombie94,32.76,32.76,26.7,0.79,4
zombie95,33.839999999999996,33.84,28.25,0.84,2
zombie96,34.199999999999996,34.2,26.25,0.76,14
zombie97,34.92,34.92,27.1,0.78,14
zombie98,36.36,36.36,28.25,0.77,14
zombie99,37.08,37.08,29.12,0.79,14
